2.56548e-01,5.95238e-04,5.95238e-04,5.95238e-04,5.95238e-04,5.95238e-04,6.60714e-02,5.95238e-04,6.54762e-03,5.95238e-04,5.95238e-04,6.54762e-03,5.95238e-04,5.95238e-04,5.95238e-04,5.95238e-04,4.22619e-02,5.95238e-04,5.95238e-04,5.95238e-04,5.95238e-04,2.26786e-01,5.95238e-04,2.80357e-01,5.41667e-02,5.95238e-04,5.95238e-04,5.95238e-04,4.82143e-02,5.95238e-04
8.77727e-01,4.54545e-04,4.54545e-04,4.54545e-04,4.54545e-04,5.50000e-02,4.54545e-04,4.54545e-04,4.13636e-02,4.54545e-04,4.54545e-04,4.54545e-04,4.54545e-04,4.54545e-04,4.54545e-04,4.54545e-04,4.54545e-04,4.54545e-04,4.54545e-04,4.54545e-04,4.54545e-04,4.54545e-04,4.54545e-04,1.40909e-02,4.54545e-04,4.54545e-04,4.54545e-04,4.54545e-04,4.54545e-04,4.54545e-04
6.89655e-04,6.89655e-04,6.89655e-04,6.89655e-04,6.89655e-04,6.89655e-04,7.58621e-03,2.13793e-02,4.20690e-02,6.89655e-04,4.20690e-02,6.89655e-04,6.89655e-04,6.89655e-04,4.00690e-01,6.89655e-04,6.89655e-04,6.89655e-04,6.89655e-04,6.89655e-04,6.89655e-04,6.89655e-04,6.89655e-04,3.86897e-01,4.89655e-02,3.51724e-02,6.89655e-04,6.89655e-04,6.89655e-04,6.89655e-04
4.04918e-01,5.46448e-04,2.24044e-02,5.46448e-04,1.14754e-02,1.14754e-02,5.46448e-04,5.46448e-04,1.31694e-01,5.46448e-04,5.46448e-04,7.15847e-02,5.46448e-04,5.46448e-04,6.06557e-02,5.46448e-04,1.14754e-02,5.46448e-04,5.46448e-04,5.46448e-04,5.46448e-04,1.53552e-01,5.46448e-04,5.46448e-04,1.69399e-02,5.46448e-04,5.46448e-04,9.34426e-02,5.46448e-04,5.46448e-04
1.65323e-02,4.03226e-04,4.03226e-04,5.68548e-02,4.43548e-03,8.46774e-03,4.03226e-04,2.62500e-01,3.66935e-02,1.21371e-01,4.03226e-04,4.03226e-04,4.03226e-04,4.03226e-04,4.03226e-04,4.43548e-03,4.03226e-04,4.03226e-04,4.03226e-04,7.29839e-02,4.03226e-04,1.25000e-02,2.86290e-02,1.57661e-01,4.03226e-04,1.65323e-02,4.03226e-04,1.89919e-01,4.03226e-04,4.43548e-03
4.15341e-01,5.68182e-04,4.60227e-02,5.68182e-04,5.68182e-04,1.08523e-01,3.46591e-02,5.68182e-04,5.68182e-04,1.08523e-01,5.68182e-04,3.46591e-02,6.25000e-03,1.19318e-02,1.19886e-01,5.68182e-04,5.68182e-04,5.68182e-04,5.68182e-04,5.68182e-04,5.68182e-04,1.02841e-01,5.68182e-04,5.68182e-04,5.68182e-04,5.68182e-04,5.68182e-04,5.68182e-04,5.68182e-04,5.68182e-04
1.18935e-01,1.83432e-02,5.91716e-04,5.91716e-04,1.24260e-02,5.91716e-04,1.83432e-02,5.91716e-04,1.66272e-01,5.91716e-04,4.20118e-02,5.91716e-04,5.91716e-04,5.91716e-04,5.91716e-04,5.91716e-04,5.91716e-04,5.91716e-04,6.50888e-03,5.91716e-04,5.91716e-04,5.91716e-04,5.91716e-04,5.91716e-04,1.95858e-01,3.26036e-01,5.91716e-04,5.91716e-04,5.38462e-02,3.01775e-02
4.03763e-01,5.37634e-04,5.37634e-04,5.37634e-04,5.37634e-04,5.37634e-04,5.37634e-04,5.37634e-04,3.93011e-01,5.37634e-04,1.66667e-02,5.37634e-04,5.37634e-04,5.37634e-04,3.27957e-02,5.37634e-04,5.37634e-04,5.37634e-04,5.37634e-04,1.66667e-02,5.37634e-04,1.24194e-01,5.37634e-04,5.37634e-04,5.37634e-04,5.37634e-04,5.37634e-04,5.37634e-04,5.37634e-04,5.37634e-04
4.41048e-02,4.80349e-03,4.80349e-03,4.36681e-04,4.36681e-04,4.36681e-04,4.36681e-04,4.84716e-02,4.36681e-04,2.23144e-01,1.09607e-01,4.36681e-04,4.36681e-04,4.36681e-04,8.77729e-02,4.36681e-04,1.79039e-02,4.36681e-04,4.36681e-04,4.36681e-04,6.15721e-02,9.17031e-03,3.10044e-02,4.36681e-04,1.70742e-01,4.36681e-04,1.79476e-01,4.36681e-04,4.36681e-04,4.36681e-04
4.04858e-04,4.04858e-04,4.04858e-04,8.94737e-02,4.04858e-04,4.04858e-04,2.27126e-01,4.04858e-04,4.04858e-04,4.04858e-04,2.55466e-01,4.04858e-04,4.04858e-04,2.55466e-01,4.04858e-04,4.04858e-04,4.04858e-04,1.21862e-01,4.04858e-04,4.04858e-04,4.04858e-04,3.27935e-02,4.04858e-04,4.04858e-04,4.04858e-04,4.04858e-04,4.04858e-04,8.50202e-03,4.04858e-04,4.04858e-04
7.24638e-04,7.24638e-04,7.97101e-03,7.24638e-04,7.24638e-04,7.24638e-04,3.41304e-01,7.24638e-04,2.24638e-02,7.24638e-04,1.09420e-01,2.24638e-02,7.24638e-04,7.24638e-04,3.19565e-01,7.24638e-04,7.24638e-04,7.24638e-04,7.24638e-04,7.24638e-04,7.24638e-04,7.24638e-04,7.24638e-04,1.02174e-01,1.52174e-02,7.24638e-04,7.24638e-04,7.24638e-04,7.24638e-04,4.42029e-02
2.26519e-02,5.52486e-04,5.52486e-04,5.52486e-04,5.52486e-04,5.52486e-04,5.52486e-04,5.52486e-04,3.92818e-01,5.52486e-04,5.52486e-04,5.52486e-04,5.52486e-04,5.52486e-04,1.27624e-01,5.52486e-04,1.16022e-02,5.52486e-04,6.07735e-03,5.52486e-04,5.52486e-04,7.23757e-02,5.52486e-04,5.52486e-04,5.52486e-04,5.52486e-04,5.52486e-04,3.54144e-01,5.52486e-04,5.52486e-04
5.88235e-04,5.88235e-04,5.35294e-02,1.00588e-01,5.88235e-04,9.47059e-02,5.88235e-04,7.11765e-02,5.88235e-04,5.88235e-04,5.88235e-04,5.88235e-04,5.88235e-04,3.00000e-02,5.88235e-04,5.88235e-04,5.88235e-04,5.88235e-04,5.88235e-04,5.88235e-04,5.88235e-04,1.77059e-01,5.88235e-04,3.06471e-01,5.88235e-04,5.88235e-04,7.70588e-02,5.88235e-04,5.88235e-04,7.70588e-02
4.58716e-04,4.58716e-04,4.58716e-04,2.66514e-01,4.58716e-04,4.58716e-04,4.58716e-04,4.58716e-04,5.04587e-03,4.58716e-04,4.58716e-04,4.58716e-04,4.58716e-04,4.58716e-04,4.58716e-04,4.58716e-04,4.58716e-04,1.56422e-01,4.58716e-04,4.58716e-04,4.58716e-04,4.54587e-01,1.88073e-02,5.04587e-03,2.79817e-02,5.55046e-02,4.58716e-04,4.58716e-04,4.58716e-04,4.58716e-04
7.57576e-04,7.57576e-04,7.57576e-04,7.57576e-04,8.33333e-03,7.57576e-04,7.57576e-04,1.37121e-01,7.57576e-04,7.57576e-04,6.37121e-01,7.57576e-04,7.57576e-04,7.57576e-04,3.86364e-02,1.59091e-02,7.57576e-04,7.57576e-04,7.57576e-04,7.57576e-04,7.57576e-04,1.21970e-01,7.57576e-04,7.57576e-04,7.57576e-04,7.57576e-04,7.57576e-04,7.57576e-04,7.57576e-04,2.34848e-02
4.06504e-04,4.06504e-04,4.06504e-04,4.06504e-04,4.47154e-03,4.06504e-04,4.06504e-04,4.06504e-04,4.06504e-04,4.06504e-04,5.73171e-02,4.06504e-04,8.53659e-03,4.47154e-03,4.06504e-04,4.06504e-04,4.06504e-04,4.06504e-04,4.06504e-04,1.26016e-02,4.55691e-01,2.28049e-01,2.19919e-01,4.06504e-04,4.06504e-04,4.06504e-04,4.06504e-04,4.06504e-04,4.06504e-04,4.06504e-04
5.95238e-04,5.95238e-04,6.54762e-03,7.20238e-02,5.95238e-04,5.95238e-04,5.95238e-04,5.95238e-04,5.72024e-01,5.95238e-04,5.95238e-04,5.95238e-04,5.95238e-04,6.54762e-03,5.95238e-04,5.95238e-04,6.54762e-03,5.95238e-04,4.82143e-02,5.95238e-04,5.95238e-04,4.22619e-02,9.58333e-02,5.95238e-04,5.95238e-04,1.25595e-01,6.54762e-03,6.54762e-03,5.95238e-04,5.95238e-04
7.75194e-04,7.75194e-04,6.27907e-02,1.62791e-02,7.75194e-04,7.75194e-04,7.75194e-04,7.75194e-04,1.86822e-01,7.75194e-04,7.75194e-04,7.75194e-04,7.75194e-04,7.75194e-04,7.75194e-04,8.52713e-03,7.75194e-04,2.10078e-01,7.75194e-04,7.75194e-04,7.75194e-04,1.79070e-01,3.17829e-02,2.79845e-01,7.75194e-04,7.75194e-04,7.75194e-04,7.75194e-04,8.52713e-03,7.75194e-04
3.33333e-04,7.00000e-03,3.33333e-04,7.00000e-03,1.93667e-01,3.33333e-04,3.33333e-04,3.33333e-04,6.03333e-02,3.33333e-04,3.66667e-03,3.66667e-03,3.33333e-04,1.17000e-01,3.33333e-04,3.66667e-03,7.00000e-03,2.36667e-02,6.03333e-02,3.33333e-04,2.07000e-01,4.70000e-02,2.53667e-01,3.33333e-04,3.33333e-04,3.33333e-04,3.33333e-04,3.33333e-04,3.33333e-04,3.33333e-04
1.50714e-01,7.14286e-04,7.14286e-04,1.15000e-01,7.14286e-04,7.14286e-04,7.14286e-04,7.14286e-04,7.14286e-04,1.65000e-01,7.14286e-04,7.14286e-04,7.14286e-04,7.14286e-04,1.86429e-01,4.35714e-02,7.14286e-04,7.14286e-04,7.14286e-04,7.85714e-03,7.14286e-04,8.64286e-02,1.93571e-01,3.64286e-02,7.14286e-04,7.14286e-04,7.14286e-04,7.14286e-04,7.14286e-04,7.14286e-04
7.38255e-03,6.71141e-04,6.71141e-04,2.08054e-02,6.71141e-04,6.71141e-04,6.71141e-04,8.79195e-02,3.76510e-01,6.71141e-04,6.71141e-04,6.71141e-04,6.71141e-04,6.71141e-04,1.34899e-01,6.71141e-04,6.71141e-04,6.71141e-04,6.71141e-04,6.71141e-04,6.71141e-04,1.75168e-01,2.75168e-02,1.48322e-01,6.71141e-04,7.38255e-03,6.71141e-04,6.71141e-04,6.71141e-04,6.71141e-04
8.91364e-01,4.54545e-04,4.54545e-04,4.54545e-04,4.54545e-04,5.50000e-02,9.54545e-03,4.54545e-04,2.31818e-02,4.54545e-04,4.54545e-04,4.54545e-04,4.54545e-04,4.54545e-04,4.54545e-04,5.00000e-03,4.54545e-04,4.54545e-04,4.54545e-04,4.54545e-04,4.54545e-04,4.54545e-04,4.54545e-04,5.00000e-03,4.54545e-04,4.54545e-04,4.54545e-04,4.54545e-04,4.54545e-04,4.54545e-04
6.36943e-04,6.36943e-04,6.36943e-04,6.36943e-04,6.36943e-04,6.36943e-04,4.52229e-02,6.36943e-04,7.07006e-02,6.36943e-04,6.36943e-04,6.36943e-04,6.36943e-04,1.02548e-01,6.36943e-04,6.36943e-04,6.36943e-04,6.36943e-04,6.36943e-04,6.36943e-04,6.36943e-04,6.43312e-02,1.33758e-02,6.36943e-04,6.31210e-01,6.36943e-04,6.36943e-04,5.79618e-02,6.36943e-04,6.36943e-04
7.40741e-04,7.40741e-04,7.40741e-04,7.40741e-04,7.40741e-04,7.40741e-04,2.82222e-01,7.40741e-04,7.40741e-04,7.40741e-04,3.93333e-01,7.40741e-04,7.40741e-04,7.40741e-04,1.04444e-01,7.40741e-04,7.40741e-04,7.40741e-04,7.40741e-04,7.40741e-04,7.40741e-04,7.40741e-04,7.40741e-04,7.40741e-04,7.40741e-04,7.40741e-04,7.40741e-04,7.40741e-04,7.40741e-04,2.00741e-01
6.99301e-04,6.99301e-04,7.69231e-03,1.46853e-02,1.19580e-01,6.99301e-04,6.99301e-04,6.99301e-04,6.09091e-01,6.99301e-04,6.99301e-04,6.99301e-04,6.99301e-04,2.86713e-02,6.99301e-04,6.99301e-04,6.99301e-04,6.99301e-04,6.99301e-04,6.99301e-04,6.99301e-04,9.86014e-02,6.99301e-04,6.99301e-04,6.99301e-04,6.99301e-04,4.96503e-02,6.99301e-04,6.99301e-04,5.66434e-02
3.10559e-04,3.10559e-04,3.10559e-04,1.21429e-01,3.10559e-04,3.10559e-04,3.41615e-03,3.10559e-04,3.10559e-04,3.10559e-04,3.10559e-04,3.10559e-04,3.10559e-04,3.41615e-03,3.10559e-04,3.10559e-04,3.10559e-04,4.37888e-02,4.28882e-01,3.10559e-04,3.10559e-04,2.70497e-01,3.10559e-04,1.89441e-02,3.10559e-04,9.62733e-03,9.34783e-02,3.10559e-04,3.10559e-04,3.10559e-04
3.61071e-01,3.57143e-04,3.57143e-04,7.50000e-03,3.57143e-04,3.57143e-04,3.25000e-02,3.57143e-04,1.57500e-01,3.57143e-04,3.57143e-04,3.57143e-04,3.57143e-04,3.57143e-04,3.60714e-02,3.57143e-04,3.57143e-04,3.57143e-04,3.57143e-04,3.57143e-04,3.57143e-04,1.75357e-01,3.92857e-03,3.57143e-04,1.32500e-01,3.57143e-04,1.10714e-02,3.92857e-03,7.17857e-02,3.57143e-04
7.95906e-01,5.84795e-04,5.84795e-04,5.84795e-04,5.84795e-04,1.11696e-01,5.84795e-04,5.84795e-04,5.84795e-04,5.84795e-04,5.84795e-04,5.84795e-04,5.84795e-04,5.84795e-04,5.84795e-04,5.84795e-04,5.84795e-04,5.84795e-04,5.84795e-04,5.84795e-04,5.84795e-04,5.84795e-04,6.43275e-03,5.84795e-04,5.84795e-04,5.84795e-04,5.84795e-04,7.07602e-02,5.84795e-04,5.84795e-04
5.00602e-01,6.62651e-03,6.02410e-04,1.86747e-02,2.46988e-02,6.02410e-04,6.02410e-04,6.02410e-04,6.02410e-04,6.02410e-04,6.02410e-04,1.86747e-02,6.02410e-04,6.02410e-04,1.26506e-02,3.67470e-02,6.02410e-04,6.02410e-04,4.27711e-02,6.02410e-04,6.02410e-04,6.62651e-03,6.02410e-04,6.02410e-04,1.26506e-02,2.47590e-01,6.02410e-04,6.08434e-02,6.02410e-04,6.02410e-04
5.95238e-04,5.95238e-04,5.95238e-04,5.95238e-04,6.54762e-03,5.95238e-04,6.54762e-03,5.95238e-04,5.95238e-04,5.95238e-04,5.95238e-04,5.95238e-04,5.95238e-04,7.20238e-02,3.04167e-01,5.95238e-04,6.01190e-02,4.11310e-01,5.95238e-04,5.95238e-04,5.95238e-04,6.54762e-03,5.95238e-04,5.95238e-04,5.95238e-04,1.19643e-01,5.95238e-04,5.95238e-04,5.95238e-04,5.95238e-04
6.06061e-04,6.66667e-03,6.06061e-04,6.06061e-04,6.72727e-02,6.66667e-03,6.06061e-04,9.75758e-02,1.64242e-01,6.06061e-04,6.06061e-04,6.66667e-03,6.06061e-04,6.06061e-04,1.15758e-01,6.06061e-04,6.06061e-04,6.06061e-04,6.06061e-04,6.66667e-03,6.06061e-04,1.09697e-01,6.06061e-04,3.94545e-01,6.06061e-04,1.27273e-02,6.06061e-04,6.06061e-04,6.06061e-04,6.06061e-04
2.93197e-01,6.80272e-04,6.80272e-04,6.80272e-04,6.80272e-04,6.80272e-04,7.48299e-03,6.80272e-04,4.15646e-01,6.80272e-04,6.80272e-04,6.80272e-04,6.80272e-04,6.80272e-04,6.80272e-04,6.80272e-04,6.80272e-04,2.10884e-02,2.10884e-02,6.80272e-04,6.80272e-04,1.50340e-01,6.80272e-04,6.80272e-04,6.80272e-04,6.80272e-04,6.80272e-04,7.55102e-02,6.80272e-04,6.80272e-04
4.60829e-04,4.60829e-04,5.06912e-03,4.60829e-04,4.60829e-04,4.60829e-04,1.75576e-01,4.60829e-04,4.60829e-04,4.60829e-04,2.07834e-01,4.60829e-04,4.60829e-04,5.06912e-03,1.42857e-02,4.60829e-04,4.47465e-01,4.60829e-04,5.06912e-03,7.41935e-02,9.67742e-03,4.60829e-04,4.60829e-04,4.60829e-04,4.60829e-04,4.60829e-04,4.60829e-04,4.60829e-04,4.60829e-04,4.65438e-02
5.84795e-04,5.84795e-04,5.84795e-04,5.84795e-04,2.39766e-02,5.84795e-04,5.84795e-04,5.84795e-04,2.39766e-02,5.84795e-04,5.84795e-04,5.84795e-04,5.84795e-04,5.84795e-04,2.46199e-01,5.84795e-04,5.84795e-04,4.73684e-02,5.84795e-04,5.84795e-04,5.84795e-04,3.63158e-01,5.84795e-04,2.69591e-01,6.43275e-03,6.43275e-03,5.84795e-04,5.84795e-04,5.84795e-04,5.84795e-04
3.94041e-01,2.59067e-04,4.43005e-02,2.59067e-04,1.19430e-01,2.59067e-04,2.84974e-03,2.59067e-04,1.83938e-02,2.59067e-04,2.59067e-04,2.59067e-04,2.59067e-04,2.59067e-04,2.59067e-04,2.59067e-04,2.59067e-04,2.59067e-04,2.59067e-04,7.02073e-02,2.84974e-03,2.59067e-04,2.59067e-04,2.59067e-04,3.39378e-02,1.60881e-01,2.59067e-04,5.72539e-02,9.09326e-02,2.59067e-04
3.69004e-04,4.05904e-03,3.69004e-04,3.69004e-04,4.05904e-03,3.69004e-04,3.69004e-04,3.69004e-04,3.69004e-04,3.69004e-04,4.05904e-03,3.69004e-04,6.67897e-02,1.14391e-02,3.69004e-04,9.63100e-02,3.69004e-04,3.69004e-04,4.80074e-01,3.69004e-04,1.88192e-02,2.54982e-01,2.25092e-02,3.69004e-04,2.61993e-02,3.69004e-04,3.69004e-04,4.05904e-03,3.69004e-04,3.69004e-04
4.83092e-04,3.09662e-01,4.83092e-04,2.90338e-01,4.83092e-04,4.83092e-04,4.83092e-04,7.77778e-02,4.83092e-04,5.31401e-03,4.83092e-04,4.83092e-04,4.83092e-04,4.83092e-04,4.83092e-04,4.83092e-04,4.83092e-04,4.83092e-04,4.83092e-04,4.83092e-04,4.83092e-04,2.66184e-01,4.83092e-04,4.83092e-04,4.83092e-04,4.83092e-04,3.91304e-02,4.83092e-04,4.83092e-04,4.83092e-04
5.84795e-04,5.84795e-04,5.84795e-04,5.84795e-04,5.84795e-04,5.32164e-02,2.16959e-01,5.84795e-04,5.84795e-04,5.84795e-04,5.84795e-04,5.84795e-04,5.84795e-04,5.84795e-04,3.45614e-01,6.43275e-03,5.84795e-04,5.84795e-04,6.43275e-03,5.84795e-04,5.84795e-04,1.17544e-01,2.39766e-02,5.84795e-04,1.93567e-01,5.84795e-04,1.22807e-02,5.84795e-04,5.84795e-04,1.22807e-02
5.29101e-04,1.11111e-02,5.29101e-04,5.29101e-04,5.29101e-04,5.29101e-04,1.53968e-01,5.29101e-04,5.82011e-03,5.29101e-04,5.29101e-04,5.29101e-04,5.29101e-04,1.64550e-01,5.29101e-04,5.82011e-03,5.29101e-04,5.29101e-04,5.34392e-02,5.29101e-04,2.91534e-01,2.86243e-01,5.29101e-04,5.29101e-04,1.64021e-02,5.29101e-04,5.29101e-04,5.29101e-04,5.29101e-04,5.29101e-04
3.38983e-04,3.38983e-04,3.38983e-04,8.16949e-02,1.15593e-01,3.38983e-04,3.38983e-04,2.47797e-01,3.38983e-04,3.38983e-04,3.38983e-04,3.38983e-04,3.38983e-04,1.90169e-01,3.38983e-04,3.38983e-04,3.38983e-04,3.38983e-04,3.72881e-03,1.72881e-02,3.38983e-04,3.38983e-04,3.38983e-04,2.30847e-01,3.38983e-04,3.72881e-03,7.83051e-02,2.40678e-02,3.38983e-04,3.38983e-04
7.81250e-04,7.81250e-04,7.81250e-04,7.81250e-04,7.81250e-04,7.81250e-04,7.81250e-04,7.81250e-04,7.81250e-04,7.81250e-04,7.81250e-04,7.81250e-04,7.81250e-04,7.81250e-04,7.81250e-04,8.59375e-03,7.81250e-04,3.28906e-01,8.59375e-03,7.81250e-04,8.59375e-03,7.81250e-04,7.81250e-04,7.81250e-04,6.25781e-01,7.81250e-04,7.81250e-04,7.81250e-04,7.81250e-04,7.81250e-04
5.23560e-04,5.23560e-04,5.23560e-04,5.23560e-04,2.83246e-01,1.09948e-02,2.14660e-02,5.23560e-04,5.23560e-04,5.23560e-04,5.23560e-04,5.23560e-04,5.23560e-04,5.23560e-04,5.75916e-03,5.23560e-04,5.23560e-04,5.23560e-04,2.88482e-01,5.23560e-04,5.23560e-04,5.23560e-04,5.23560e-04,1.99476e-01,5.23560e-04,4.76440e-02,1.31414e-01,5.23560e-04,5.23560e-04,5.23560e-04
4.23611e-02,6.94444e-04,2.15278e-02,6.94444e-04,7.63889e-03,6.94444e-04,6.94444e-04,6.94444e-04,6.32639e-01,6.94444e-04,6.94444e-04,6.94444e-04,6.94444e-04,6.94444e-04,6.94444e-04,6.94444e-04,6.94444e-04,6.94444e-04,6.94444e-04,1.45833e-02,6.94444e-04,6.94444e-04,6.94444e-04,6.94444e-04,6.94444e-04,6.31944e-02,2.02083e-01,6.94444e-04,6.94444e-04,6.94444e-04
7.24638e-04,7.24638e-04,7.97101e-03,1.89130e-01,7.24638e-04,7.24638e-04,7.24638e-04,7.24638e-04,7.24638e-04,7.24638e-04,7.24638e-04,7.24638e-04,7.24638e-04,7.24638e-04,7.24638e-04,7.24638e-04,7.24638e-04,7.24638e-04,7.24638e-04,7.24638e-04,7.24638e-04,3.77536e-01,7.24638e-04,7.24638e-04,7.24638e-04,9.49275e-02,7.24638e-04,7.24638e-04,7.24638e-04,3.12319e-01
4.13223e-04,4.13223e-04,4.13223e-04,1.32645e-01,4.58678e-02,4.54545e-03,8.30579e-02,4.13223e-04,4.13223e-04,4.13223e-04,4.54545e-03,8.67769e-03,4.13223e-04,4.13223e-04,4.13223e-04,1.65702e-01,4.13223e-04,4.13223e-04,4.13223e-04,4.13223e-04,3.76033e-02,3.22727e-01,1.28512e-01,4.13223e-04,4.13223e-04,4.13223e-04,4.13223e-04,4.13223e-04,4.13223e-04,5.82645e-02
3.37838e-04,3.37838e-04,3.37838e-04,8.81757e-02,7.09459e-03,3.37838e-04,3.37838e-04,3.71622e-03,9.49324e-02,3.37838e-04,3.37838e-04,2.73649e-02,3.37838e-04,3.37838e-04,7.09459e-03,3.61824e-01,3.37838e-04,1.05068e-01,6.79054e-02,3.37838e-04,3.37838e-04,2.06419e-01,7.09459e-03,3.37838e-04,3.37838e-04,3.37838e-04,3.37838e-04,3.37838e-04,3.37838e-04,1.72297e-02
3.01205e-04,3.01205e-04,9.33735e-03,2.83434e-01,3.31325e-03,1.23494e-02,3.01205e-04,3.31325e-03,3.01205e-04,3.01205e-04,6.32530e-03,3.04217e-02,3.01205e-04,2.43976e-02,1.23494e-02,2.80422e-01,3.01205e-04,3.01205e-04,3.01205e-04,3.01205e-04,3.01205e-04,3.01506e-01,1.53614e-02,6.32530e-03,3.01205e-04,6.32530e-03,3.01205e-04,3.01205e-04,3.01205e-04,3.01205e-04
6.32911e-04,6.32911e-04,6.32911e-04,7.02532e-02,6.32911e-04,6.32911e-04,5.12658e-02,6.32911e-04,2.03165e-01,6.32911e-04,6.32911e-04,6.32911e-04,6.32911e-04,6.32911e-04,6.32911e-04,2.09494e-01,6.32911e-04,6.32911e-04,6.32911e-04,6.32911e-04,9.55696e-02,3.55063e-01,6.32911e-04,6.32911e-04,6.32911e-04,6.32911e-04,6.32911e-04,6.32911e-04,6.32911e-04,6.32911e-04
4.01606e-04,6.46586e-02,4.01606e-04,4.01606e-04,1.73092e-01,5.66265e-02,4.01606e-04,4.01606e-04,3.25301e-02,4.01606e-04,4.01606e-04,4.01606e-04,4.01606e-04,4.01606e-04,4.01606e-04,4.05622e-02,4.01606e-04,4.01606e-04,4.01606e-04,4.01606e-04,5.30522e-01,7.67068e-02,4.41767e-03,4.41767e-03,4.01606e-04,4.41767e-03,4.01606e-04,4.01606e-04,4.41767e-03,4.01606e-04
3.49650e-04,7.34266e-03,3.49650e-04,3.49650e-04,3.18182e-02,2.31119e-01,1.78322e-02,3.49650e-04,3.49650e-04,3.49650e-04,3.49650e-04,3.84615e-03,3.49650e-04,1.15734e-01,3.49650e-04,3.49650e-04,3.49650e-04,7.34266e-03,1.26224e-01,3.49650e-04,4.12937e-01,3.88112e-02,3.49650e-04,3.49650e-04,3.49650e-04,3.49650e-04,3.49650e-04,3.49650e-04,3.49650e-04,3.49650e-04
3.13480e-04,4.04702e-01,3.13480e-04,3.44828e-03,3.13480e-04,3.13480e-04,3.13480e-04,3.13480e-04,3.13480e-04,3.13480e-04,3.13480e-04,3.16614e-02,3.13480e-04,1.91536e-01,3.13480e-04,3.13480e-04,3.13480e-04,3.13480e-04,2.22571e-02,3.44828e-03,2.16614e-01,1.16301e-01,3.13480e-04,3.13480e-04,3.44828e-03,3.13480e-04,3.13480e-04,3.13480e-04,3.13480e-04,3.13480e-04
7.14286e-04,7.14286e-04,7.14286e-04,7.85714e-03,7.14286e-04,4.93571e-01,7.14286e-04,7.14286e-04,7.14286e-04,7.14286e-04,7.14286e-04,2.21429e-02,7.14286e-04,5.78571e-02,7.14286e-04,7.14286e-04,7.14286e-04,7.14286e-04,7.14286e-04,2.29286e-01,7.14286e-04,1.72143e-01,7.14286e-04,7.14286e-04,7.14286e-04,7.14286e-04,7.14286e-04,7.14286e-04,7.14286e-04,7.14286e-04
4.42478e-04,4.42478e-04,4.42478e-04,7.12389e-02,7.12389e-02,4.86726e-03,4.42478e-04,1.50885e-01,7.12389e-02,4.86726e-03,4.42478e-04,4.42478e-04,4.86726e-03,4.42478e-04,2.34956e-01,4.86726e-03,4.86726e-03,4.42478e-04,4.42478e-04,4.42478e-04,4.86726e-03,5.79646e-02,4.42478e-04,1.37168e-02,6.23894e-02,1.86283e-01,4.42478e-04,4.42478e-04,4.46903e-02,4.42478e-04
6.84932e-04,6.84932e-04,7.53425e-03,6.84932e-04,2.12329e-02,6.84932e-04,3.43151e-01,6.84932e-04,6.84932e-04,6.84932e-04,6.84932e-04,3.70548e-01,6.84932e-04,6.84932e-04,6.84932e-04,6.84932e-04,6.84932e-04,6.84932e-04,2.12329e-02,6.84932e-04,6.84932e-04,1.58219e-01,6.84932e-04,6.84932e-04,6.84932e-04,6.84932e-04,6.84932e-04,6.84932e-04,6.23288e-02,6.84932e-04
6.49351e-04,6.49351e-04,6.49351e-04,6.49351e-04,6.49351e-04,6.49351e-04,6.49351e-04,1.75974e-01,6.49351e-04,6.49351e-04,6.49351e-04,7.85714e-02,6.49351e-04,6.49351e-04,7.14286e-03,6.49351e-04,6.49351e-04,6.49351e-04,6.49351e-04,6.49351e-04,6.49351e-04,2.34416e-01,6.49351e-04,1.75974e-01,2.99351e-01,6.49351e-04,6.49351e-04,6.49351e-04,1.36364e-02,6.49351e-04
4.20168e-04,2.39916e-01,4.20168e-04,4.20168e-04,4.20168e-04,9.28571e-02,2.56303e-02,4.20168e-04,4.20168e-04,4.20168e-04,4.20168e-04,4.20168e-04,4.20168e-04,4.20168e-04,4.20168e-04,4.20168e-04,4.20168e-04,4.20168e-04,4.20168e-04,4.20168e-04,4.58403e-01,1.72689e-01,4.20168e-04,4.20168e-04,4.20168e-04,4.20168e-04,4.20168e-04,4.20168e-04,4.20168e-04,4.20168e-04
7.81250e-04,7.81250e-04,2.35156e-01,7.81250e-04,7.81250e-04,7.81250e-04,7.81250e-04,7.81250e-04,4.85156e-01,7.81250e-04,8.59375e-03,7.81250e-04,3.98438e-02,7.81250e-04,1.64063e-02,7.81250e-04,7.81250e-04,7.81250e-04,7.81250e-04,7.81250e-04,7.81250e-04,1.57031e-01,7.81250e-04,7.81250e-04,7.81250e-04,7.81250e-04,3.98438e-02,7.81250e-04,7.81250e-04,7.81250e-04
8.77193e-04,4.92105e-01,8.77193e-04,8.77193e-04,9.64912e-03,8.77193e-04,8.77193e-04,8.77193e-04,8.77193e-04,8.77193e-04,8.77193e-04,8.77193e-04,8.77193e-04,8.77193e-04,8.77193e-04,8.77193e-04,3.59649e-02,8.77193e-04,8.77193e-04,8.77193e-04,1.58772e-01,1.93860e-01,5.35088e-02,8.77193e-04,8.77193e-04,3.59649e-02,8.77193e-04,8.77193e-04,8.77193e-04,8.77193e-04
1.00000e-03,2.81000e-01,4.10000e-02,1.00000e-03,2.91000e-01,1.00000e-03,1.00000e-03,1.10000e-02,1.00000e-03,1.00000e-03,1.00000e-03,1.00000e-03,1.00000e-03,1.00000e-03,1.00000e-03,1.00000e-03,1.00000e-03,1.00000e-03,1.00000e-03,1.00000e-03,1.00000e-03,3.41000e-01,1.00000e-03,1.00000e-03,1.00000e-03,1.00000e-03,1.00000e-03,1.10000e-02,1.00000e-03,1.00000e-03
6.62252e-04,6.02649e-02,4.03974e-02,2.05298e-02,4.17881e-01,6.62252e-04,6.62252e-04,6.62252e-04,6.62252e-04,7.28477e-03,6.62252e-04,6.62252e-04,6.62252e-04,4.24503e-01,6.62252e-04,7.28477e-03,6.62252e-04,6.62252e-04,6.62252e-04,6.62252e-04,6.62252e-04,7.28477e-03,6.62252e-04,6.62252e-04,6.62252e-04,6.62252e-04,6.62252e-04,6.62252e-04,6.62252e-04,6.62252e-04
2.55814e-03,4.90930e-01,7.20930e-03,7.20930e-03,1.58372e-01,2.32558e-04,2.32558e-04,2.32558e-04,2.32558e-04,2.32558e-04,2.32558e-04,2.34884e-02,1.18605e-02,2.32558e-04,1.18605e-02,2.32558e-04,3.27907e-02,2.32558e-04,2.55814e-03,2.32558e-04,2.32558e-04,1.83953e-01,2.55814e-03,7.20930e-03,2.32558e-04,2.32558e-04,2.32558e-04,4.88372e-03,4.90698e-02,2.32558e-04
5.95238e-04,1.25000e-02,5.95238e-04,5.95238e-04,1.07738e-01,5.95238e-04,1.07738e-01,5.95238e-04,5.95238e-04,5.95238e-04,5.95238e-04,5.77976e-01,1.84524e-02,1.84524e-02,5.95238e-04,5.95238e-04,5.95238e-04,5.95238e-04,5.95238e-04,6.54762e-03,6.60714e-02,5.95238e-04,5.95238e-04,5.95238e-04,5.95238e-04,7.20238e-02,5.95238e-04,5.95238e-04,5.95238e-04,5.95238e-04
3.03030e-04,3.03030e-04,3.03030e-04,3.03030e-04,3.03030e-04,3.03030e-04,3.03030e-04,3.03030e-04,5.60909e-01,3.03030e-04,3.03030e-04,5.78788e-02,3.03030e-04,3.33333e-03,3.03030e-04,3.03030e-04,3.03030e-04,3.03030e-04,1.21515e-01,3.03030e-04,3.33333e-03,1.51818e-01,3.03030e-04,3.03030e-04,3.03030e-04,3.03030e-04,8.51515e-02,6.36364e-03,3.03030e-04,3.33333e-03
6.25000e-04,8.81250e-02,6.25000e-04,6.25000e-04,5.06250e-02,1.69375e-01,6.25000e-04,6.25000e-04,6.25000e-04,6.25000e-04,6.25000e-04,6.25000e-04,6.25000e-04,8.81250e-02,6.25000e-04,6.25000e-04,6.25000e-04,6.25000e-04,6.25000e-04,6.25000e-04,3.88125e-01,1.81875e-01,6.25000e-04,6.25000e-04,6.25000e-04,6.25000e-04,6.25000e-04,6.25000e-04,6.25000e-04,1.93750e-02
1.82353e-02,8.29412e-02,5.88235e-04,5.88235e-04,6.47059e-03,5.88235e-04,5.88235e-04,5.88235e-04,5.88235e-04,5.88235e-04,5.88235e-04,5.88235e-04,5.88235e-04,1.18235e-01,5.88235e-04,5.88235e-04,5.88235e-04,5.88235e-04,5.88235e-04,7.35882e-01,5.88235e-04,6.47059e-03,5.88235e-04,5.88235e-04,5.88235e-04,5.88235e-04,5.88235e-04,1.82353e-02,5.88235e-04,5.88235e-04
2.02976e-01,5.95238e-04,5.95238e-04,5.95238e-04,1.49405e-01,5.95238e-04,6.54762e-03,5.95238e-04,5.95238e-04,5.95238e-04,5.95238e-04,3.63095e-02,2.08929e-01,5.95238e-04,5.95238e-04,5.95238e-04,5.95238e-04,5.95238e-04,5.95238e-04,5.95238e-04,1.25000e-02,3.03571e-02,5.95238e-04,5.95238e-04,6.54762e-03,2.56548e-01,5.95238e-04,7.79762e-02,5.95238e-04,5.95238e-04
6.94444e-04,6.94444e-04,6.94444e-04,7.63889e-03,6.94444e-04,1.45833e-02,6.94444e-04,1.95139e-01,2.15972e-01,6.94444e-04,6.94444e-04,1.04861e-01,6.94444e-04,7.63889e-03,1.25694e-01,6.94444e-04,6.94444e-04,6.94444e-04,6.94444e-04,6.94444e-04,6.94444e-04,7.70833e-02,6.94444e-04,6.94444e-04,5.62500e-02,6.94444e-04,6.31944e-02,6.94444e-04,6.94444e-04,1.18750e-01
2.27922e-01,6.49351e-04,6.49351e-04,6.49351e-04,6.49351e-04,6.49351e-04,6.49351e-04,6.49351e-04,3.70779e-01,6.49351e-04,6.49351e-04,7.14286e-03,6.49351e-04,6.49351e-04,6.49351e-04,6.49351e-04,6.49351e-04,6.49351e-04,5.25974e-02,6.49351e-04,6.49351e-04,1.75974e-01,3.31169e-02,6.49351e-04,7.14286e-03,9.80519e-02,6.49351e-04,6.49351e-04,6.49351e-04,1.36364e-02
2.78912e-02,6.80272e-04,6.80272e-04,6.80272e-04,6.80272e-04,7.48299e-03,6.80272e-04,6.80272e-04,1.50340e-01,6.80272e-04,7.48299e-03,6.80272e-04,6.80272e-04,6.80272e-04,1.42857e-02,6.80272e-04,6.80272e-04,6.80272e-04,6.80272e-04,6.80272e-04,6.80272e-04,1.50340e-01,6.80272e-04,5.99320e-01,2.10884e-02,6.80272e-04,7.48299e-03,6.80272e-04,6.80272e-04,6.80272e-04
5.88235e-04,5.88235e-04,5.88235e-04,6.47059e-03,3.00000e-02,2.59412e-01,5.88235e-04,5.88235e-04,5.88235e-04,5.88235e-04,5.88235e-04,5.88235e-04,5.88235e-04,4.17647e-02,5.88235e-04,5.88235e-04,3.58824e-02,5.88235e-04,5.88235e-04,5.88235e-04,6.12353e-01,5.88235e-04,5.88235e-04,5.88235e-04,5.88235e-04,5.88235e-04,5.88235e-04,5.88235e-04,5.88235e-04,5.88235e-04
5.23560e-04,5.23560e-04,5.75916e-03,8.95288e-02,5.23560e-04,5.23560e-04,5.23560e-04,5.23560e-04,5.23560e-04,1.62304e-02,5.23560e-04,5.23560e-04,5.23560e-04,5.23560e-04,5.23560e-04,5.23560e-04,5.23560e-04,5.23560e-04,1.20942e-01,5.23560e-04,5.23560e-04,8.42932e-02,5.23560e-04,4.50785e-01,5.23560e-04,5.23560e-04,1.94241e-01,5.23560e-04,5.23560e-04,2.67016e-02
1.79570e-01,3.58423e-04,3.58423e-04,7.56272e-02,4.33692e-02,3.94265e-03,3.58423e-04,7.52688e-03,4.33692e-02,3.58423e-04,3.58423e-04,3.94265e-03,3.58423e-04,9.35484e-02,3.58423e-04,3.58423e-04,3.58423e-04,3.58423e-04,3.94265e-03,3.58423e-04,3.58423e-04,3.58423e-04,3.58423e-04,3.58423e-04,3.58423e-04,3.58423e-04,3.58423e-04,5.37993e-01,3.58423e-04,3.58423e-04
4.38596e-04,4.38596e-04,4.38596e-04,4.38596e-04,4.38596e-04,4.38596e-04,5.30702e-02,4.38596e-04,4.38596e-04,4.38596e-04,4.38596e-04,8.16228e-01,4.38596e-04,4.38596e-04,9.21053e-03,4.38596e-04,9.21053e-03,4.38596e-04,4.38596e-04,2.67544e-02,6.62281e-02,4.38596e-04,4.38596e-04,4.38596e-04,4.38596e-04,4.38596e-04,4.38596e-04,4.38596e-04,4.38596e-04,9.21053e-03
5.88235e-04,1.82353e-02,6.47059e-03,5.88235e-04,5.88235e-04,5.88235e-04,5.88235e-04,5.88235e-04,5.88235e-04,5.88235e-04,3.71176e-01,5.88235e-04,5.88235e-04,5.88235e-04,2.94706e-01,5.88235e-04,5.88235e-04,5.88235e-04,5.88235e-04,5.88235e-04,5.88235e-04,1.88824e-01,5.88235e-04,5.88235e-04,5.88235e-04,8.88235e-02,5.88235e-04,5.88235e-04,6.47059e-03,1.23529e-02
5.04482e-01,2.80112e-04,8.68347e-03,5.88235e-03,2.80112e-04,2.80112e-04,2.80112e-04,2.80112e-04,2.80112e-04,2.80112e-04,8.68347e-03,4.78992e-02,2.80112e-04,2.80112e-04,1.99160e-01,2.80112e-04,2.80112e-04,2.80112e-04,2.80112e-04,2.80112e-04,3.08123e-03,1.85154e-01,2.80112e-04,2.80112e-04,2.80112e-04,2.80112e-04,2.80112e-04,1.42857e-02,2.80112e-04,1.70868e-02
5.71429e-04,5.71429e-04,6.28571e-03,6.28571e-03,5.71429e-04,5.71429e-04,2.91429e-02,5.71429e-04,5.71429e-04,6.28571e-03,1.20000e-02,7.32000e-01,1.77143e-02,5.71429e-04,5.71429e-04,5.71429e-04,5.71429e-04,5.71429e-04,5.71429e-04,5.71429e-04,5.71429e-04,1.77714e-01,5.71429e-04,5.71429e-04,5.71429e-04,5.71429e-04,5.71429e-04,5.71429e-04,5.71429e-04,5.71429e-04
1.25000e-02,4.03226e-04,3.67339e-01,4.03226e-04,4.03226e-04,1.37500e-01,4.03226e-04,4.03226e-04,4.03226e-04,8.46774e-03,4.03226e-04,8.10484e-02,4.03226e-04,4.03226e-04,2.06048e-01,4.43548e-03,4.43548e-03,4.03226e-04,4.03226e-04,1.53629e-01,1.25000e-02,4.03226e-04,4.03226e-04,4.43548e-03,4.03226e-04,4.03226e-04,4.03226e-04,4.03226e-04,4.03226e-04,4.03226e-04
5.07614e-04,5.07614e-04,5.07614e-04,5.07614e-04,5.07614e-04,3.09645e-02,5.07614e-04,5.07614e-04,5.07614e-04,5.07614e-04,5.58376e-03,2.08122e-02,5.58376e-03,5.07614e-04,5.07614e-04,1.27411e-01,1.57360e-02,5.58376e-03,5.07614e-04,1.22335e-01,3.35533e-01,2.18782e-01,5.07614e-04,5.07614e-04,9.69543e-02,5.07614e-04,5.07614e-04,5.07614e-04,5.58376e-03,5.07614e-04
3.80228e-04,3.80228e-04,3.80228e-04,3.80228e-04,5.51711e-01,4.18251e-03,3.80228e-04,4.18251e-03,4.22053e-02,7.98479e-03,7.98479e-03,3.80228e-04,3.80228e-04,4.18251e-03,3.80228e-04,3.80228e-04,2.31939e-02,3.80228e-04,3.80228e-04,3.80228e-04,3.80228e-04,4.98099e-02,3.80228e-04,7.98479e-03,3.80228e-04,1.56274e-01,3.80228e-04,1.33460e-01,3.80228e-04,3.80228e-04
3.34448e-04,3.34448e-04,3.34448e-04,3.34448e-04,5.75585e-01,6.38796e-02,3.34448e-04,3.34448e-04,3.67893e-03,3.34448e-04,3.34448e-04,3.34448e-04,3.34448e-04,3.34448e-04,3.34448e-04,3.34448e-04,3.34448e-04,1.37124e-02,3.34448e-04,8.39465e-02,3.34448e-04,3.34448e-04,3.34448e-04,3.34448e-04,3.34448e-04,3.34448e-04,3.34448e-04,2.51171e-01,3.34448e-04,3.34448e-04
3.35570e-04,3.35570e-04,3.35570e-04,7.04698e-03,3.35570e-04,3.35570e-04,3.35570e-04,3.35570e-04,3.35570e-04,3.35570e-04,3.69128e-03,2.38255e-02,2.72148e-01,3.35570e-04,3.35570e-04,1.47987e-01,3.35570e-04,3.35570e-04,3.35570e-04,1.04027e-02,3.35570e-04,1.47987e-01,3.35570e-04,3.35570e-04,3.35570e-04,4.06040e-02,3.02349e-01,3.35570e-04,3.35570e-04,3.72483e-02
3.87597e-04,3.87597e-04,3.87597e-04,8.17829e-02,3.87597e-04,3.87597e-04,3.87597e-04,3.87597e-04,3.87597e-04,3.87597e-04,3.87597e-04,3.87597e-04,3.87597e-04,3.87597e-04,3.87597e-04,3.87597e-04,3.87597e-04,3.87597e-04,1.39922e-01,1.58915e-02,4.07364e-01,1.82558e-01,3.87597e-04,3.87597e-04,3.87597e-04,1.63178e-01,3.87597e-04,3.87597e-04,3.87597e-04,3.87597e-04
7.75194e-04,7.75194e-04,7.75194e-04,7.75194e-04,8.52713e-03,7.75194e-04,1.62791e-02,3.95349e-02,7.75194e-04,7.75194e-04,9.37984e-02,7.75194e-04,7.75194e-04,7.75194e-04,2.48837e-01,8.52713e-03,3.49612e-01,7.75194e-04,7.75194e-04,7.75194e-04,7.75194e-04,7.75194e-04,7.75194e-04,7.75194e-04,2.10078e-01,8.52713e-03,7.75194e-04,7.75194e-04,7.75194e-04,7.75194e-04
2.82486e-04,1.18927e-01,2.82486e-04,2.82486e-04,2.82486e-04,2.82486e-04,2.82486e-04,5.93220e-03,2.82486e-04,2.82486e-04,2.82486e-04,3.41808e-02,2.82486e-04,1.44068e-02,2.82486e-04,5.93220e-03,8.78531e-02,2.82486e-04,5.93220e-03,5.96045e-02,2.82486e-04,1.33051e-01,2.82486e-04,2.82486e-04,2.82486e-04,2.82486e-04,4.91808e-01,2.82486e-04,2.82486e-04,3.70056e-02
4.06504e-04,4.06504e-04,8.53659e-03,4.06504e-04,4.06504e-04,1.22358e-01,4.06504e-04,4.06504e-04,2.07724e-01,4.06504e-04,4.06504e-04,4.06504e-04,4.06504e-04,4.06504e-04,1.79268e-01,4.06504e-04,4.06504e-04,4.06504e-04,4.06504e-04,4.06504e-04,4.06504e-04,4.06504e-04,4.06504e-04,4.06504e-04,4.06911e-01,5.73171e-02,4.47154e-03,4.47154e-03,4.06504e-04,4.06504e-04
2.02970e-02,4.95050e-04,5.44554e-03,4.95050e-04,4.95050e-04,4.95050e-04,4.95050e-04,4.95050e-04,6.98020e-02,4.95050e-04,4.95050e-04,6.29208e-01,4.95050e-04,4.95050e-04,4.50495e-02,4.95050e-04,4.95050e-04,4.95050e-04,4.95050e-04,4.95050e-04,1.53465e-02,1.98515e-01,4.95050e-04,4.95050e-04,4.95050e-04,4.95050e-04,5.44554e-03,4.95050e-04,4.95050e-04,4.95050e-04
4.20168e-04,4.20168e-04,4.20168e-04,4.41597e-01,4.20168e-04,4.20168e-04,4.20168e-04,5.92437e-02,4.20168e-04,4.20168e-04,4.20168e-04,4.20168e-04,1.30252e-02,1.22269e-01,4.20168e-04,5.50420e-02,4.20168e-04,4.20168e-04,4.20168e-04,4.20168e-04,4.20168e-04,2.94538e-01,4.20168e-04,4.20168e-04,4.20168e-04,4.20168e-04,4.20168e-04,4.62185e-03,4.20168e-04,4.20168e-04
6.49351e-04,3.18831e-01,6.49351e-04,6.49351e-04,6.49351e-04,6.49351e-04,6.49351e-04,6.49351e-04,6.49351e-04,6.49351e-04,6.49351e-04,6.49351e-04,6.49351e-04,6.49351e-04,6.49351e-04,6.49351e-04,9.80519e-02,6.49351e-04,6.49351e-04,6.49351e-04,3.12338e-01,2.53896e-01,6.49351e-04,6.49351e-04,6.49351e-04,6.49351e-04,6.49351e-04,6.49351e-04,6.49351e-04,6.49351e-04
2.25734e-04,2.25734e-04,9.25508e-03,4.74041e-03,2.25734e-04,2.48307e-03,2.27991e-02,2.25734e-04,2.25734e-04,2.25734e-04,2.25734e-04,3.63431e-02,2.25734e-04,1.35666e-01,2.25734e-04,4.74041e-03,2.25734e-04,6.99774e-03,2.25734e-04,6.00677e-01,2.25734e-04,1.62754e-01,2.25734e-04,2.25734e-04,2.25734e-04,2.25734e-04,2.25734e-04,4.74041e-03,4.74041e-03,2.25734e-04
5.74713e-04,5.74713e-04,5.74713e-04,1.20690e-02,1.38506e-01,5.74713e-04,5.74713e-04,5.74713e-04,5.74713e-04,5.74713e-04,5.74713e-04,6.32184e-03,5.74713e-04,1.21264e-01,1.20690e-02,5.74713e-04,5.74713e-04,5.74713e-04,2.93103e-02,5.74713e-04,2.82184e-01,3.85632e-01,5.74713e-04,5.74713e-04,5.74713e-04,5.74713e-04,5.74713e-04,5.74713e-04,5.74713e-04,5.74713e-04
2.89017e-04,2.89017e-04,2.89017e-04,2.89017e-04,8.95954e-03,3.17919e-03,2.91908e-02,2.89017e-04,2.89017e-04,2.89017e-04,3.78613e-02,3.17919e-03,2.89017e-04,6.33237e-01,3.17919e-03,2.89017e-04,2.89017e-04,3.17919e-03,2.89017e-04,2.89017e-04,2.11272e-01,2.89017e-04,5.52023e-02,2.89017e-04,2.89017e-04,2.89017e-04,6.06936e-03,2.89017e-04,2.89017e-04,2.89017e-04
6.21118e-04,6.21118e-04,6.21118e-04,6.21118e-04,6.21118e-04,6.21118e-04,6.21118e-04,6.21118e-04,6.21118e-04,6.21118e-04,1.92547e-02,1.92547e-02,6.21118e-04,2.36646e-01,6.21118e-04,6.21118e-04,6.21118e-04,6.21118e-04,6.21118e-04,6.21118e-04,3.73292e-01,3.36025e-01,6.21118e-04,6.21118e-04,6.21118e-04,6.21118e-04,6.21118e-04,6.21118e-04,6.21118e-04,6.21118e-04
1.49038e-02,3.22596e-01,4.80769e-04,4.80769e-04,4.80769e-04,4.80769e-04,4.80769e-04,4.80769e-04,4.80769e-04,4.80769e-04,4.80769e-04,5.28846e-03,4.80769e-04,5.81731e-02,4.80769e-04,1.00962e-02,4.80769e-04,4.80769e-04,4.80769e-04,4.80769e-04,1.39904e-01,4.33173e-01,5.28846e-03,4.80769e-04,4.80769e-04,4.80769e-04,4.80769e-04,4.80769e-04,4.80769e-04,4.80769e-04
5.18135e-04,5.18135e-04,5.18135e-04,5.18135e-04,5.18135e-04,5.18135e-04,5.18135e-04,5.18135e-04,5.18135e-04,5.69948e-03,5.18135e-04,5.18135e-04,5.18135e-04,5.69948e-03,5.18135e-04,5.18135e-04,5.18135e-04,5.18135e-04,5.18135e-04,4.19689e-02,4.97927e-01,4.25389e-01,5.18135e-04,5.18135e-04,5.18135e-04,5.18135e-04,5.18135e-04,5.18135e-04,1.08808e-02,5.18135e-04
3.13480e-04,3.13480e-04,3.13480e-04,3.13480e-04,3.13480e-04,3.13480e-04,3.13480e-04,3.13480e-04,3.13480e-04,3.13480e-04,3.13480e-04,5.04702e-02,9.71787e-03,8.49530e-02,3.13480e-04,1.28840e-01,3.13480e-04,3.13480e-04,3.13480e-04,3.13480e-04,3.70219e-01,3.26332e-01,3.13480e-04,3.13480e-04,3.13480e-04,2.22571e-02,3.13480e-04,3.13480e-04,3.13480e-04,3.13480e-04
3.07692e-04,4.33846e-02,3.07692e-04,3.07692e-04,9.53846e-03,2.18462e-02,3.07692e-04,3.07692e-04,2.77231e-01,3.07692e-04,3.38462e-03,3.07692e-04,5.56923e-02,1.87692e-02,3.07692e-04,3.07692e-04,8.03077e-02,3.07692e-04,1.20308e-01,3.07692e-04,3.07692e-04,2.55692e-01,1.08000e-01,3.07692e-04,3.07692e-04,3.07692e-04,3.07692e-04,3.07692e-04,3.07692e-04,3.07692e-04
1.31356e-02,3.85593e-02,4.23729e-04,4.23729e-04,6.31780e-01,2.16102e-02,4.23729e-04,4.23729e-04,4.23729e-04,4.23729e-04,4.23729e-04,4.23729e-04,4.23729e-04,4.23729e-04,4.23729e-04,4.23729e-04,4.23729e-04,4.23729e-04,4.23729e-04,4.23729e-04,4.23729e-04,2.67373e-01,4.23729e-04,4.23729e-04,4.23729e-04,4.23729e-04,4.23729e-04,1.73729e-02,4.23729e-04,4.23729e-04
4.90196e-04,4.90196e-04,5.39216e-03,1.02941e-02,5.39216e-03,1.02941e-02,5.39216e-03,5.39216e-03,4.90196e-04,4.90196e-04,4.90196e-04,4.90196e-04,4.90196e-04,4.90196e-04,4.90196e-04,3.14216e-01,5.39216e-03,4.90196e-04,2.99020e-02,4.90196e-04,2.11275e-01,3.48529e-01,4.90196e-04,4.90196e-04,4.90196e-04,3.48039e-02,4.90196e-04,5.39216e-03,4.90196e-04,4.90196e-04
5.88235e-04,8.29412e-02,5.88235e-04,5.88235e-04,5.88235e-04,2.41176e-02,5.88235e-04,5.88235e-04,5.88235e-04,5.88235e-04,5.88235e-04,5.88235e-04,5.88235e-04,1.24118e-01,5.88235e-04,5.88235e-04,1.23529e-02,5.88235e-04,5.88235e-04,5.88235e-04,4.94706e-01,2.47647e-01,5.88235e-04,5.88235e-04,5.88235e-04,5.88235e-04,5.88235e-04,5.88235e-04,5.88235e-04,5.88235e-04
4.48430e-04,1.70852e-01,4.48430e-04,4.48430e-04,4.48430e-04,1.83857e-02,4.48430e-04,4.48430e-04,4.48430e-04,4.48430e-04,4.48430e-04,4.48430e-04,4.48430e-04,5.42601e-02,4.48430e-04,4.48430e-04,4.48430e-04,4.48430e-04,4.48430e-04,4.48430e-04,4.13004e-01,3.23318e-01,4.48430e-04,9.41704e-03,4.48430e-04,4.48430e-04,4.48430e-04,4.48430e-04,4.48430e-04,4.48430e-04
2.91005e-03,1.51058e-01,2.64550e-04,2.64550e-04,2.64550e-04,4.25926e-02,3.99471e-02,2.64550e-04,2.64550e-04,2.64550e-04,5.55556e-03,2.64550e-04,2.64550e-04,1.32540e-01,2.64550e-04,2.64550e-04,2.14286e-02,2.64550e-04,2.64550e-04,2.64550e-04,3.33598e-01,2.56878e-01,2.64550e-04,2.64550e-04,2.91005e-03,2.64550e-04,2.91005e-03,2.64550e-04,2.64550e-04,2.91005e-03
5.78035e-04,5.78035e-04,5.78035e-04,5.78035e-04,5.78035e-04,4.68208e-02,5.78035e-04,5.78035e-04,5.78035e-04,5.78035e-04,5.78035e-04,5.78035e-04,5.78035e-04,8.15029e-02,5.78035e-04,2.36994e-02,5.78035e-04,5.78035e-04,5.78035e-04,1.79191e-02,5.38150e-01,2.78035e-01,5.78035e-04,5.78035e-04,5.78035e-04,5.78035e-04,5.78035e-04,5.78035e-04,5.78035e-04,5.78035e-04
2.31481e-04,2.31481e-04,2.31481e-04,2.31481e-04,2.31481e-04,3.03241e-02,2.31481e-04,2.54630e-03,2.56944e-02,2.31481e-04,2.31481e-04,2.33796e-02,4.86111e-03,7.17593e-03,2.31481e-04,4.67824e-01,2.31481e-04,2.31481e-04,2.31481e-04,2.31481e-04,1.34491e-01,2.98843e-01,2.31481e-04,2.31481e-04,2.31481e-04,2.31481e-04,2.31481e-04,2.31481e-04,2.31481e-04,2.31481e-04
4.34783e-04,8.73913e-02,4.34783e-04,9.13043e-03,4.78261e-03,9.17391e-02,9.13043e-03,4.34783e-04,1.34783e-02,4.34783e-04,4.34783e-04,4.34783e-04,4.34783e-04,9.60870e-02,4.34783e-04,4.34783e-04,4.34783e-04,4.34783e-04,2.65652e-01,3.95652e-02,1.09130e-01,8.73913e-02,1.70000e-01,4.34783e-04,4.34783e-04,4.34783e-04,4.34783e-04,9.13043e-03,4.34783e-04,4.34783e-04
2.85714e-04,2.85714e-04,2.85714e-04,2.85714e-04,2.85714e-04,2.85714e-04,1.03143e-01,2.85714e-04,2.85714e-04,2.85714e-04,2.85714e-04,2.85714e-04,2.85714e-04,6.31429e-02,2.85714e-04,2.23143e-01,2.85714e-04,2.85714e-04,8.85714e-03,6.00000e-03,3.37429e-01,1.94571e-01,5.74286e-02,2.85714e-04,2.85714e-04,2.85714e-04,2.85714e-04,2.85714e-04,2.85714e-04,2.85714e-04
4.27350e-04,1.75214e-02,4.27350e-04,8.97436e-03,4.27350e-04,7.73504e-02,4.70085e-03,4.27350e-04,4.27350e-04,4.27350e-04,4.27350e-04,4.27350e-04,4.27350e-04,4.27350e-04,1.32479e-02,4.27350e-04,1.75214e-02,4.70085e-03,4.27350e-04,1.97009e-01,4.27778e-01,2.22650e-01,4.27350e-04,4.27350e-04,4.27350e-04,4.27350e-04,4.27350e-04,4.27350e-04,4.27350e-04,4.27350e-04
3.73134e-04,3.73134e-04,7.83582e-03,4.88806e-02,3.73134e-04,1.04851e-01,3.73134e-04,3.73134e-04,8.61940e-02,3.73134e-04,3.73134e-04,3.73134e-04,3.73134e-04,3.76866e-02,3.73134e-04,3.73134e-04,3.73134e-04,3.73134e-04,3.73134e-04,3.73134e-04,2.69030e-01,3.13806e-01,3.73134e-04,3.73134e-04,3.73134e-04,1.01119e-01,3.73134e-04,3.73134e-04,2.27612e-02,3.73134e-04
3.90625e-04,3.90625e-04,3.90625e-04,3.90625e-04,3.90625e-04,3.90625e-04,3.90625e-04,3.90625e-04,8.20313e-03,3.90625e-04,3.90625e-04,3.90625e-04,3.90625e-04,3.90625e-04,3.90625e-04,3.90625e-04,3.90625e-04,3.90625e-04,3.90625e-04,1.25391e-01,4.22266e-01,3.98828e-01,3.90625e-04,3.90625e-04,3.90625e-04,3.90625e-04,3.90625e-04,3.90625e-04,3.90625e-04,3.55469e-02
3.33333e-04,3.33333e-04,3.33333e-04,3.33333e-04,3.33333e-04,2.70000e-02,4.03333e-02,3.33333e-04,3.33333e-04,3.33333e-04,3.33333e-04,3.33333e-04,3.33333e-04,1.70000e-02,3.66667e-03,3.33333e-04,3.33333e-04,3.33333e-04,3.33333e-04,6.70000e-02,4.97000e-01,2.23667e-01,1.10333e-01,3.33333e-04,3.33333e-04,3.33333e-04,3.33333e-04,3.33333e-04,7.00000e-03,3.33333e-04
3.01205e-04,3.01205e-04,3.01205e-04,1.44880e-01,3.01205e-04,6.32530e-03,1.83735e-02,3.01205e-04,3.01205e-04,3.01205e-04,6.32530e-03,3.01205e-04,3.01205e-04,1.83735e-02,1.83735e-02,2.02108e-01,3.01205e-04,3.01205e-04,3.31325e-03,6.05422e-02,1.44880e-01,3.55723e-01,3.01205e-04,3.01205e-04,3.01205e-04,3.01205e-04,3.01205e-04,3.01205e-04,3.01205e-04,1.53614e-02
