3.54054e-01,2.70270e-03,2.70270e-03,2.70270e-03,5.67568e-02,5.67568e-02,2.97297e-02,5.67568e-02,2.70270e-03,2.70270e-03,2.70270e-03,2.70270e-03,2.70270e-03,1.37838e-01,1.10811e-01,2.70270e-03,2.70270e-03,2.70270e-03,2.70270e-03,2.70270e-03,2.70270e-03,2.70270e-03,2.70270e-03,2.70270e-03,2.70270e-03,1.37838e-01,2.70270e-03,2.70270e-03,2.70270e-03,2.70270e-03
1.29870e-03,1.29870e-03,4.94805e-01,1.29870e-03,1.42857e-02,9.22078e-02,1.29870e-03,1.96104e-01,1.29870e-03,1.29870e-03,1.29870e-03,7.92208e-02,1.29870e-03,1.29870e-03,1.42857e-02,4.02597e-02,1.29870e-03,1.29870e-03,4.02597e-02,1.29870e-03,1.29870e-03,1.29870e-03,1.29870e-03,1.29870e-03,1.29870e-03,1.29870e-03,1.29870e-03,1.29870e-03,1.29870e-03,1.29870e-03
1.90625e-01,3.43750e-02,3.12500e-03,3.12500e-03,3.12500e-03,3.12500e-03,3.12500e-03,3.12500e-03,4.71875e-01,3.12500e-03,3.12500e-03,3.12500e-03,3.12500e-03,3.12500e-03,3.12500e-03,3.12500e-03,3.12500e-03,3.12500e-03,3.12500e-03,3.12500e-03,3.12500e-03,3.12500e-03,1.59375e-01,3.12500e-03,3.43750e-02,3.12500e-03,3.43750e-02,3.12500e-03,3.12500e-03,3.12500e-03
2.63158e-03,2.63158e-03,1.60526e-01,2.63158e-03,2.63158e-03,2.63158e-03,5.52632e-02,2.63158e-03,2.63158e-03,2.63158e-03,8.15789e-02,2.63158e-03,2.63158e-03,2.39474e-01,2.63158e-03,2.63158e-03,2.63158e-03,2.63158e-03,2.63158e-03,2.65789e-01,2.63158e-03,2.63158e-03,2.63158e-03,2.63158e-03,2.63158e-03,2.63158e-03,1.34211e-01,2.63158e-03,2.63158e-03,2.63158e-03
1.85185e-03,1.85185e-03,3.88889e-02,1.85185e-03,1.85185e-03,2.03704e-02,1.31481e-01,7.59259e-02,1.85185e-03,5.74074e-02,1.85185e-03,3.88889e-02,1.85185e-03,7.59259e-02,1.85185e-03,1.85185e-03,7.59259e-02,1.85185e-03,3.88889e-02,1.85185e-03,1.85185e-03,1.12963e-01,1.85185e-03,1.12963e-01,1.87037e-01,1.85185e-03,1.85185e-03,1.85185e-03,1.85185e-03,1.85185e-03
2.43902e-03,2.43902e-03,2.43902e-03,2.43902e-03,2.43902e-03,5.12195e-02,2.43902e-03,2.21951e-01,2.43902e-03,2.43902e-03,1.24390e-01,2.68293e-02,2.43902e-03,3.43902e-01,2.68293e-02,2.43902e-03,2.43902e-03,2.43902e-03,2.43902e-03,2.43902e-03,2.68293e-02,2.43902e-03,2.68293e-02,2.43902e-03,2.43902e-03,2.43902e-03,7.56098e-02,2.68293e-02,2.43902e-03,2.43902e-03
1.14815e-01,7.77778e-02,3.00000e-01,7.77778e-02,3.70370e-03,3.70370e-03,3.70370e-03,1.14815e-01,3.70370e-03,3.70370e-03,7.77778e-02,3.70370e-03,3.70370e-03,3.70370e-03,3.70370e-03,3.70370e-03,3.70370e-03,3.70370e-03,3.70370e-03,3.70370e-03,4.07407e-02,3.70370e-03,7.77778e-02,3.70370e-03,3.70370e-03,3.70370e-03,4.07407e-02,3.70370e-03,3.70370e-03,3.70370e-03
2.63158e-03,2.63158e-03,2.39474e-01,2.63158e-03,2.63158e-03,2.63158e-03,2.63158e-03,2.63158e-03,8.15789e-02,2.63158e-03,2.63158e-03,2.39474e-01,2.63158e-03,1.34211e-01,5.52632e-02,2.63158e-03,2.63158e-03,2.63158e-03,2.63158e-03,2.89474e-02,2.63158e-03,2.63158e-03,2.63158e-03,2.63158e-03,2.63158e-03,2.89474e-02,1.34211e-01,2.63158e-03,2.63158e-03,2.63158e-03
3.03030e-03,3.03030e-03,3.03030e-03,3.66667e-01,3.33333e-02,3.03030e-03,2.15152e-01,3.03030e-03,6.36364e-02,3.03030e-03,3.03030e-03,3.03030e-03,3.03030e-03,3.03030e-03,3.03030e-03,3.03030e-03,3.03030e-03,3.03030e-03,3.03030e-03,3.03030e-03,3.03030e-03,3.03030e-03,3.03030e-03,3.03030e-03,1.84848e-01,3.03030e-03,3.03030e-03,6.36364e-02,3.03030e-03,3.03030e-03
3.22581e-03,3.22581e-03,3.22581e-03,3.22581e-03,3.54839e-02,3.22581e-03,3.22581e-03,1.32258e-01,3.22581e-03,3.22581e-03,3.22581e-03,3.22581e-03,3.22581e-03,3.22581e-03,3.22581e-03,3.22581e-03,3.22581e-03,3.22581e-03,3.22581e-03,2.29032e-01,1.00000e-01,3.22581e-03,3.22581e-03,4.22581e-01,3.22581e-03,3.22581e-03,3.22581e-03,3.22581e-03,3.22581e-03,3.22581e-03
2.17391e-03,1.10870e-01,6.73913e-02,2.17391e-03,2.17391e-03,2.17391e-03,2.17391e-03,2.17391e-03,4.56522e-02,2.17391e-03,6.73913e-02,2.17391e-03,2.17391e-03,2.17391e-03,2.17391e-03,2.84783e-01,2.17391e-03,2.17391e-03,2.17391e-03,2.17391e-03,2.17391e-03,2.39130e-02,6.73913e-02,2.19565e-01,2.17391e-03,2.17391e-03,4.56522e-02,2.17391e-03,2.39130e-02,2.17391e-03
2.15686e-02,1.96078e-03,2.15686e-02,1.96078e-03,4.11765e-02,6.07843e-02,1.96078e-03,1.96078e-03,1.96078e-03,2.96078e-01,2.15686e-02,1.96078e-03,1.96078e-03,1.96078e-03,1.96078e-03,1.96078e-03,1.19608e-01,1.96078e-03,1.96078e-03,2.15686e-02,1.96078e-03,1.96078e-03,1.96078e-03,1.96078e-03,1.96078e-03,1.78431e-01,1.96078e-03,1.96078e-03,1.78431e-01,1.96078e-03
2.77778e-03,3.05556e-02,2.77778e-03,2.77778e-03,2.77778e-03,2.77778e-03,3.05556e-02,3.05556e-02,5.83333e-02,2.77778e-03,2.77778e-03,2.77778e-03,2.77778e-03,3.05556e-02,2.77778e-03,2.77778e-03,2.77778e-03,2.77778e-03,3.05556e-02,2.77778e-03,2.77778e-03,2.77778e-03,3.36111e-01,2.77778e-03,3.36111e-01,2.77778e-03,2.77778e-03,5.83333e-02,2.77778e-03,2.77778e-03
3.12500e-03,3.12500e-03,3.43750e-02,3.12500e-03,3.12500e-03,4.09375e-01,1.28125e-01,6.56250e-02,3.12500e-03,3.12500e-03,3.12500e-03,3.12500e-03,3.12500e-03,3.12500e-03,3.12500e-03,3.43750e-02,3.12500e-03,3.12500e-03,3.12500e-03,1.59375e-01,3.43750e-02,3.12500e-03,3.43750e-02,3.12500e-03,3.12500e-03,3.12500e-03,3.12500e-03,3.12500e-03,3.12500e-03,3.43750e-02
2.85714e-03,3.14286e-02,2.88571e-01,2.85714e-03,2.85714e-03,4.02857e-01,2.85714e-03,2.85714e-03,2.85714e-03,2.85714e-03,2.85714e-03,2.85714e-03,2.85714e-03,2.85714e-03,2.85714e-03,2.85714e-03,2.85714e-03,2.85714e-03,2.85714e-03,3.14286e-02,2.85714e-03,2.85714e-03,3.14286e-02,2.85714e-03,2.85714e-03,1.17143e-01,2.85714e-03,2.85714e-03,3.14286e-02,2.85714e-03
2.32558e-03,2.32558e-03,2.32558e-03,2.32558e-03,2.32558e-03,2.32558e-03,2.32558e-03,2.32558e-03,2.55814e-02,2.32558e-03,2.55814e-02,4.88372e-02,9.53488e-02,2.32558e-03,2.32558e-03,2.32558e-03,2.32558e-03,1.18605e-01,2.32558e-03,2.32558e-03,2.32558e-03,2.32558e-03,2.32558e-03,9.53488e-02,2.32558e-03,2.32558e-03,2.32558e-03,2.32558e-03,2.32558e-03,5.37209e-01
5.00000e-03,5.00000e-03,5.00000e-03,1.05000e-01,5.00000e-03,5.00000e-03,5.00000e-03,5.00000e-03,5.00000e-03,5.00000e-03,3.55000e-01,5.00000e-03,5.00000e-03,5.00000e-03,5.00000e-03,5.00000e-03,5.00000e-03,5.00000e-03,3.55000e-01,5.00000e-03,5.00000e-03,5.00000e-03,5.00000e-03,5.00000e-03,5.00000e-03,5.00000e-03,5.00000e-03,5.50000e-02,5.00000e-03,5.00000e-03
1.78571e-03,1.78571e-03,1.78571e-03,1.96429e-02,1.78571e-03,1.78571e-03,1.78571e-03,1.78571e-03,1.96429e-02,9.10714e-02,1.78571e-03,1.78571e-03,1.78571e-03,4.12500e-01,1.78571e-03,1.96429e-02,1.78571e-03,1.96429e-02,1.78571e-03,1.78571e-03,1.78571e-03,1.78571e-03,1.78571e-03,1.78571e-03,3.76786e-01,1.78571e-03,1.78571e-03,1.78571e-03,1.78571e-03,1.78571e-03
2.32558e-03,2.32558e-03,2.58140e-01,2.32558e-03,4.88372e-02,2.55814e-02,1.65116e-01,2.11628e-01,2.32558e-03,2.32558e-03,2.32558e-03,2.32558e-03,2.32558e-03,2.32558e-03,2.32558e-03,2.32558e-03,2.32558e-03,2.32558e-03,2.32558e-03,2.32558e-03,2.32558e-03,2.32558e-03,2.32558e-03,1.41860e-01,2.55814e-02,2.32558e-03,7.20930e-02,2.32558e-03,2.32558e-03,2.32558e-03
7.50000e-02,3.57143e-03,3.57143e-03,3.57143e-03,1.82143e-01,3.92857e-02,3.25000e-01,3.57143e-03,3.57143e-03,3.57143e-03,3.57143e-03,3.57143e-03,3.92857e-02,3.57143e-03,1.10714e-01,3.57143e-03,3.57143e-03,3.57143e-03,3.57143e-03,3.57143e-03,3.57143e-03,3.57143e-03,3.57143e-03,3.57143e-03,3.57143e-03,1.46429e-01,3.57143e-03,3.57143e-03,3.57143e-03,3.57143e-03
2.38095e-03,9.76190e-02,2.38095e-03,2.38095e-03,2.38095e-03,2.38095e-03,2.61905e-02,2.38095e-03,2.38095e-03,2.38095e-03,1.21429e-01,2.38095e-03,7.38095e-02,2.38095e-03,2.38095e-03,2.38095e-03,2.38095e-03,2.38095e-03,4.78571e-01,1.21429e-01,2.38095e-03,2.38095e-03,2.38095e-03,2.38095e-03,2.38095e-03,2.38095e-03,2.38095e-03,2.38095e-03,2.61905e-02,2.38095e-03
2.63158e-03,2.63158e-03,1.60526e-01,2.63158e-03,2.63158e-03,2.63158e-03,1.07895e-01,3.18421e-01,2.63158e-03,2.63158e-03,2.63158e-03,1.07895e-01,2.63158e-03,2.63158e-03,2.63158e-03,2.39474e-01,2.63158e-03,2.63158e-03,2.63158e-03,2.63158e-03,2.63158e-03,2.63158e-03,2.63158e-03,2.63158e-03,2.63158e-03,2.63158e-03,2.63158e-03,2.63158e-03,2.63158e-03,2.63158e-03
4.76190e-03,4.76190e-03,4.33333e-01,1.00000e-01,4.76190e-03,4.76190e-03,4.76190e-03,4.76190e-03,4.76190e-03,4.76190e-03,4.76190e-03,4.76190e-03,4.76190e-03,4.76190e-03,4.76190e-03,4.76190e-03,1.47619e-01,4.76190e-03,4.76190e-03,4.76190e-03,4.76190e-03,4.76190e-03,1.00000e-01,4.76190e-03,4.76190e-03,4.76190e-03,1.00000e-01,4.76190e-03,4.76190e-03,4.76190e-03
1.47059e-03,1.47059e-03,1.47059e-03,1.47059e-03,1.61765e-02,1.61765e-02,1.47059e-03,1.47059e-03,1.47059e-03,1.47059e-03,1.47059e-03,1.47059e-03,1.47059e-03,1.47059e-03,3.08824e-02,1.61765e-02,4.55882e-02,1.47059e-03,4.86765e-01,4.55882e-02,1.47059e-03,1.33824e-01,1.47059e-03,1.47059e-03,1.47059e-03,1.63235e-01,1.47059e-03,1.61765e-02,1.47059e-03,1.47059e-03
2.17391e-03,2.39130e-02,4.56522e-02,5.23913e-01,2.17391e-03,2.17391e-03,2.17391e-03,2.39130e-02,2.17391e-03,2.17391e-03,6.73913e-02,2.17391e-03,2.39130e-02,2.17391e-03,2.17391e-03,2.17391e-03,2.17391e-03,2.17391e-03,2.17391e-03,2.17391e-03,2.17391e-03,2.17391e-03,8.91304e-02,2.39130e-02,8.91304e-02,2.39130e-02,2.17391e-03,2.17391e-03,2.17391e-03,2.39130e-02
2.43902e-03,2.43902e-03,2.43902e-03,1.00000e-01,2.43902e-03,3.43902e-01,2.43902e-03,2.43902e-03,2.43902e-03,2.43902e-03,2.43902e-03,1.97561e-01,2.43902e-03,2.43902e-03,2.43902e-03,2.43902e-03,2.43902e-03,2.43902e-03,1.00000e-01,2.43902e-03,2.43902e-03,2.43902e-03,2.43902e-03,2.43902e-03,1.48780e-01,2.43902e-03,2.68293e-02,2.43902e-03,2.68293e-02,2.43902e-03
2.22222e-03,2.22222e-03,2.22222e-03,2.22222e-03,2.44444e-02,2.22222e-03,2.22222e-03,2.22222e-03,2.22222e-03,2.22222e-03,2.22222e-03,1.35556e-01,2.22222e-03,1.35556e-01,4.66667e-02,2.22222e-03,2.22222e-03,6.88889e-02,2.44444e-02,2.22222e-03,4.91111e-01,2.22222e-03,2.22222e-03,2.22222e-03,2.22222e-03,2.22222e-03,2.44444e-02,2.22222e-03,2.22222e-03,2.22222e-03
4.00000e-03,4.40000e-02,8.40000e-02,4.00000e-03,4.00000e-03,1.24000e-01,2.84000e-01,4.00000e-03,4.00000e-03,4.00000e-03,4.00000e-03,4.00000e-03,4.40000e-02,4.00000e-03,4.00000e-03,4.00000e-03,4.00000e-03,4.00000e-03,4.00000e-03,4.00000e-03,3.24000e-01,4.00000e-03,4.00000e-03,4.00000e-03,4.00000e-03,4.00000e-03,4.00000e-03,4.00000e-03,4.00000e-03,4.00000e-03
2.77778e-03,2.77778e-03,5.83333e-02,2.77778e-03,2.77778e-03,2.77778e-03,5.83333e-02,2.77778e-03,2.77778e-03,2.77778e-03,2.77778e-03,2.77778e-03,2.77778e-03,3.05556e-02,2.77778e-03,2.77778e-03,2.77778e-03,2.77778e-03,2.77778e-03,2.77778e-03,6.97222e-01,2.77778e-03,2.77778e-03,2.77778e-03,5.83333e-02,2.77778e-03,2.77778e-03,3.05556e-02,2.77778e-03,2.77778e-03
2.32558e-03,2.32558e-03,9.53488e-02,2.32558e-03,9.53488e-02,2.32558e-03,2.32558e-03,2.32558e-03,2.32558e-03,2.32558e-03,7.20930e-02,2.11628e-01,2.32558e-03,2.32558e-03,2.32558e-03,2.55814e-02,2.32558e-03,9.53488e-02,2.32558e-03,2.32558e-03,1.88372e-01,2.32558e-03,2.32558e-03,2.32558e-03,2.32558e-03,2.32558e-03,2.32558e-03,1.18605e-01,2.32558e-03,4.88372e-02
9.11111e-02,2.02222e-01,2.44444e-02,2.22222e-03,2.44444e-02,2.22222e-03,2.44444e-02,6.88889e-02,2.22222e-03,2.22222e-03,2.22222e-03,2.22222e-03,2.22222e-03,2.22222e-03,2.22222e-03,2.22222e-03,2.22222e-03,2.22222e-03,9.11111e-02,2.91111e-01,2.22222e-03,2.22222e-03,2.44444e-02,2.22222e-03,2.22222e-03,1.13333e-01,2.22222e-03,2.22222e-03,2.22222e-03,2.22222e-03
5.25000e-02,2.50000e-03,2.50000e-03,2.50000e-03,2.50000e-03,2.50000e-03,1.27500e-01,2.50000e-03,2.50000e-03,1.77500e-01,2.50000e-03,2.50000e-03,5.25000e-02,2.50000e-03,2.50000e-03,2.50000e-03,7.75000e-02,2.50000e-03,2.50000e-03,2.50000e-03,2.52500e-01,1.02500e-01,5.25000e-02,2.50000e-03,2.50000e-03,5.25000e-02,2.50000e-03,2.50000e-03,2.50000e-03,2.50000e-03
2.77778e-03,1.13889e-01,1.13889e-01,2.77778e-03,2.77778e-03,2.77778e-03,2.77778e-03,5.83333e-02,2.77778e-03,2.77778e-03,2.77778e-03,1.13889e-01,2.77778e-03,2.77778e-03,2.77778e-03,3.05556e-02,2.77778e-03,2.77778e-03,2.77778e-03,2.77778e-03,2.80556e-01,2.77778e-03,5.83333e-02,2.77778e-03,2.77778e-03,2.77778e-03,2.77778e-03,5.83333e-02,2.77778e-03,1.13889e-01
3.70370e-03,3.70370e-03,3.70370e-03,3.70370e-03,3.70370e-03,3.70370e-03,3.70370e-03,3.70370e-03,3.70370e-03,4.07407e-02,3.70370e-03,2.25926e-01,3.70370e-03,3.70370e-03,4.07407e-02,3.70370e-03,1.14815e-01,3.70370e-03,1.14815e-01,3.37037e-01,3.70370e-03,3.70370e-03,3.70370e-03,3.70370e-03,3.70370e-03,3.70370e-03,3.70370e-03,4.07407e-02,3.70370e-03,3.70370e-03
2.75000e-02,2.50000e-03,2.50000e-03,2.50000e-03,2.50000e-03,2.50000e-03,2.50000e-03,2.50000e-03,2.50000e-03,2.50000e-03,2.50000e-03,2.50000e-03,2.50000e-03,2.50000e-03,2.50000e-03,1.02500e-01,2.50000e-03,2.50000e-03,2.50000e-03,2.50000e-03,2.75000e-02,5.52500e-01,2.50000e-03,1.02500e-01,1.27500e-01,2.50000e-03,2.50000e-03,2.50000e-03,2.50000e-03,2.50000e-03
2.50000e-03,2.50000e-03,2.50000e-03,2.50000e-03,2.50000e-03,2.75000e-02,1.27500e-01,2.50000e-03,2.50000e-03,2.50000e-03,2.50000e-03,2.50000e-03,2.50000e-03,2.50000e-03,2.75000e-02,2.50000e-03,2.77500e-01,2.50000e-03,3.52500e-01,7.75000e-02,2.50000e-03,2.50000e-03,2.50000e-03,2.50000e-03,2.50000e-03,5.25000e-02,2.50000e-03,2.50000e-03,2.50000e-03,2.50000e-03
2.32558e-03,2.32558e-03,2.32558e-03,9.53488e-02,2.32558e-03,2.32558e-03,2.32558e-03,2.32558e-03,2.32558e-03,4.88372e-02,7.20930e-02,4.88372e-02,2.32558e-03,2.32558e-03,2.32558e-03,2.55814e-02,2.81395e-01,2.32558e-03,2.32558e-03,2.58140e-01,2.32558e-03,2.32558e-03,2.32558e-03,2.32558e-03,4.88372e-02,2.32558e-03,4.88372e-02,2.55814e-02,2.32558e-03,2.32558e-03
2.32558e-03,2.55814e-02,2.32558e-03,2.32558e-03,2.32558e-03,2.32558e-03,2.32558e-03,2.32558e-03,2.55814e-02,2.32558e-03,2.32558e-03,2.32558e-03,2.32558e-03,2.32558e-03,2.32558e-03,9.53488e-02,2.34884e-01,4.88372e-02,4.88372e-02,2.55814e-02,2.32558e-03,2.32558e-03,2.32558e-03,2.55814e-02,2.32558e-03,2.32558e-03,2.32558e-03,9.53488e-02,3.27907e-01,2.32558e-03
3.84615e-03,3.84615e-03,3.84615e-03,3.84615e-03,3.84615e-03,3.84615e-03,3.84615e-03,3.84615e-03,3.84615e-03,3.84615e-03,3.84615e-03,4.23077e-02,8.07692e-02,3.84615e-03,5.03846e-01,3.84615e-03,3.84615e-03,3.84615e-03,4.23077e-02,3.84615e-03,3.84615e-03,4.23077e-02,3.84615e-03,3.84615e-03,3.84615e-03,3.84615e-03,1.57692e-01,4.23077e-02,3.84615e-03,3.84615e-03
2.04082e-03,2.04082e-03,2.04082e-03,2.04082e-03,2.04082e-03,2.04082e-03,2.24490e-02,2.04082e-03,2.24490e-02,2.04082e-03,2.04082e-03,2.04082e-03,2.04082e-03,2.04082e-03,6.32653e-02,2.04082e-03,2.04082e-03,2.04082e-03,2.24490e-02,2.04082e-03,2.24490e-02,2.04082e-03,2.04082e-03,2.04082e-03,2.04082e-03,4.28571e-02,2.24490e-02,2.04082e-03,7.36735e-01,2.04082e-03
2.32558e-03,2.32558e-03,2.32558e-03,2.32558e-03,2.32558e-03,2.32558e-03,2.32558e-03,2.32558e-03,2.32558e-03,2.32558e-03,2.32558e-03,2.34884e-01,2.32558e-03,2.32558e-03,2.32558e-03,2.32558e-03,2.32558e-03,2.55814e-02,1.18605e-01,2.32558e-03,2.32558e-03,2.55814e-02,4.88372e-02,2.32558e-03,2.32558e-03,2.55814e-02,4.67442e-01,2.32558e-03,2.32558e-03,2.32558e-03
2.27273e-03,1.15909e-01,2.27273e-03,2.27273e-03,2.27273e-03,2.27273e-03,2.27273e-03,2.27273e-03,2.27273e-03,2.27273e-03,2.27273e-03,1.15909e-01,1.61364e-01,2.29545e-01,4.77273e-02,2.50000e-02,2.27273e-03,7.04545e-02,2.27273e-03,2.27273e-03,2.27273e-03,2.27273e-03,2.27273e-03,2.27273e-03,9.31818e-02,9.31818e-02,2.27273e-03,2.27273e-03,2.27273e-03,2.27273e-03
1.58730e-03,1.58730e-03,1.60317e-01,1.58730e-03,1.58730e-03,1.58730e-03,1.58730e-03,1.58730e-03,1.58730e-03,1.58730e-03,1.58730e-03,8.09524e-02,1.58730e-03,1.58730e-03,1.58730e-03,3.33333e-02,1.58730e-03,6.36508e-01,1.58730e-03,1.58730e-03,1.58730e-03,1.58730e-03,1.58730e-03,1.58730e-03,1.58730e-03,1.58730e-03,1.58730e-03,1.58730e-03,4.92063e-02,1.58730e-03
2.75000e-02,2.50000e-03,2.50000e-03,2.50000e-03,2.50000e-03,2.50000e-03,2.50000e-03,2.50000e-03,2.50000e-03,7.75000e-02,7.75000e-02,5.25000e-02,2.50000e-03,2.02500e-01,2.50000e-03,2.50000e-03,2.50000e-03,2.50000e-03,5.25000e-02,2.50000e-03,1.27500e-01,2.50000e-03,2.50000e-03,2.50000e-03,2.50000e-03,2.75000e-02,5.25000e-02,2.27500e-01,2.50000e-03,2.75000e-02
3.84615e-03,3.84615e-03,3.84615e-03,3.84615e-03,3.84615e-03,2.34615e-01,3.84615e-03,3.84615e-03,3.84615e-03,3.84615e-03,3.84615e-03,3.84615e-03,3.84615e-03,3.84615e-03,1.19231e-01,3.84615e-03,3.84615e-03,4.23077e-02,4.26923e-01,3.84615e-03,3.84615e-03,3.84615e-03,3.84615e-03,3.84615e-03,3.84615e-03,3.84615e-03,3.84615e-03,3.84615e-03,3.84615e-03,8.07692e-02
5.00000e-03,5.00000e-03,5.00000e-03,5.00000e-03,5.00000e-03,5.00000e-03,5.00000e-03,5.00000e-03,5.00000e-03,5.00000e-03,5.00000e-03,5.00000e-03,5.00000e-03,5.00000e-03,5.00000e-03,2.55000e-01,5.00000e-03,5.00000e-03,5.05000e-01,5.00000e-03,5.00000e-03,5.00000e-03,5.00000e-03,5.00000e-03,5.00000e-03,5.00000e-03,1.05000e-01,5.00000e-03,5.00000e-03,5.00000e-03
2.85714e-03,2.85714e-03,2.85714e-03,2.85714e-03,2.85714e-03,3.14286e-02,2.85714e-03,8.85714e-02,3.14286e-02,2.85714e-03,2.85714e-03,2.85714e-03,6.00000e-02,2.85714e-03,2.85714e-03,2.85714e-03,2.85714e-03,2.85714e-03,3.17143e-01,2.31429e-01,8.85714e-02,2.85714e-03,2.85714e-03,2.85714e-03,2.85714e-03,2.85714e-03,2.85714e-03,8.85714e-02,2.85714e-03,2.85714e-03
2.50000e-03,2.50000e-03,2.50000e-03,2.50000e-03,2.50000e-03,2.50000e-03,7.75000e-02,2.50000e-03,2.50000e-03,2.50000e-03,2.50000e-03,2.50000e-03,2.50000e-03,2.50000e-03,2.50000e-03,2.50000e-03,2.77500e-01,5.25000e-02,4.02500e-01,5.25000e-02,2.50000e-03,2.50000e-03,2.50000e-03,2.50000e-03,2.50000e-03,7.75000e-02,2.50000e-03,2.50000e-03,2.50000e-03,2.50000e-03
3.84615e-03,4.23077e-02,3.84615e-03,4.23077e-02,3.84615e-03,2.73077e-01,3.84615e-03,3.84615e-03,4.23077e-02,3.84615e-03,3.84615e-03,3.84615e-03,1.96154e-01,3.84615e-03,1.57692e-01,3.84615e-03,3.84615e-03,3.84615e-03,4.23077e-02,3.84615e-03,3.84615e-03,3.84615e-03,3.84615e-03,3.84615e-03,3.84615e-03,3.84615e-03,3.84615e-03,3.84615e-03,3.84615e-03,1.19231e-01
5.00000e-03,5.00000e-03,5.00000e-03,1.55000e-01,5.50000e-02,5.00000e-03,5.00000e-03,5.00000e-03,5.00000e-03,5.00000e-03,5.00000e-03,1.05000e-01,5.00000e-03,5.00000e-03,5.00000e-03,5.00000e-03,1.05000e-01,5.00000e-03,5.00000e-03,5.00000e-03,5.00000e-03,5.00000e-03,5.50000e-02,5.00000e-03,5.00000e-03,5.00000e-03,5.00000e-03,5.00000e-03,4.05000e-01,5.00000e-03
3.84615e-03,3.84615e-03,3.84615e-03,8.11538e-01,3.84615e-03,3.84615e-03,3.84615e-03,3.84615e-03,3.84615e-03,3.84615e-03,3.84615e-03,3.84615e-03,3.84615e-03,3.84615e-03,4.23077e-02,3.84615e-03,3.84615e-03,3.84615e-03,3.84615e-03,3.84615e-03,3.84615e-03,3.84615e-03,3.84615e-03,3.84615e-03,3.84615e-03,3.84615e-03,3.84615e-03,3.84615e-03,3.84615e-03,4.23077e-02
1.78571e-03,1.78571e-03,2.33929e-01,1.78571e-03,3.75000e-02,1.78571e-03,1.78571e-03,1.78571e-03,1.96429e-02,1.78571e-03,1.78571e-03,1.78571e-03,1.96429e-02,1.78571e-03,1.78571e-03,1.78571e-03,1.78571e-03,4.66071e-01,1.78571e-03,9.10714e-02,5.53571e-02,1.78571e-03,1.78571e-03,1.78571e-03,1.78571e-03,3.75000e-02,1.78571e-03,1.78571e-03,1.78571e-03,1.78571e-03
2.08333e-03,2.08333e-03,2.08333e-03,2.08333e-03,2.08333e-03,1.06250e-01,2.08333e-03,6.45833e-02,2.08333e-03,2.08333e-03,2.08333e-03,2.08333e-03,1.27083e-01,2.08333e-03,2.08333e-03,1.27083e-01,1.27083e-01,6.45833e-02,2.93750e-01,4.37500e-02,2.08333e-03,2.08333e-03,2.08333e-03,2.08333e-03,2.08333e-03,2.08333e-03,2.08333e-03,2.08333e-03,2.08333e-03,2.08333e-03
3.54839e-02,3.22581e-03,3.22581e-03,3.22581e-03,3.22581e-03,3.22581e-03,3.22581e-03,6.77419e-02,3.22581e-03,3.22581e-03,3.54839e-02,3.22581e-03,3.22581e-03,3.22581e-03,4.22581e-01,3.58065e-01,3.22581e-03,3.22581e-03,3.22581e-03,3.22581e-03,3.22581e-03,3.22581e-03,3.22581e-03,3.22581e-03,3.22581e-03,3.22581e-03,3.22581e-03,3.22581e-03,3.22581e-03,3.22581e-03
9.54545e-02,4.54545e-03,4.54545e-03,4.54545e-03,4.54545e-03,4.54545e-03,4.54545e-03,4.54545e-03,4.54545e-03,9.54545e-02,4.54545e-03,4.54545e-03,4.54545e-03,4.54545e-03,2.31818e-01,4.54545e-03,4.54545e-03,4.54545e-03,4.54545e-03,4.54545e-03,2.31818e-01,4.54545e-03,5.00000e-02,4.54545e-03,9.54545e-02,4.54545e-03,5.00000e-02,4.54545e-03,5.00000e-02,4.54545e-03
2.77778e-03,2.77778e-03,2.77778e-03,2.77778e-03,3.05556e-02,2.77778e-03,2.77778e-03,2.77778e-03,2.77778e-03,2.77778e-03,2.77778e-03,1.41667e-01,1.13889e-01,2.77778e-03,2.77778e-03,2.77778e-03,2.77778e-03,2.77778e-03,3.05556e-02,2.77778e-03,5.02778e-01,5.83333e-02,2.77778e-03,2.77778e-03,2.77778e-03,3.05556e-02,2.77778e-03,2.77778e-03,3.05556e-02,2.77778e-03
7.20930e-02,2.32558e-03,2.32558e-03,2.32558e-03,2.32558e-03,1.88372e-01,2.32558e-03,2.32558e-03,2.32558e-03,2.32558e-03,7.20930e-02,2.32558e-03,2.55814e-02,2.32558e-03,4.44186e-01,1.18605e-01,2.32558e-03,2.32558e-03,2.32558e-03,2.32558e-03,2.32558e-03,2.32558e-03,2.32558e-03,2.32558e-03,2.32558e-03,2.32558e-03,2.32558e-03,2.32558e-03,2.55814e-02,2.32558e-03
2.70270e-03,2.70270e-03,2.70270e-03,2.70270e-03,2.70270e-03,2.70270e-03,5.67568e-02,2.70270e-03,2.70270e-03,2.97297e-02,2.70270e-03,2.70270e-03,2.70270e-03,2.70270e-03,2.70270e-03,2.70270e-03,2.70270e-03,2.70270e-03,4.35135e-01,1.64865e-01,2.70270e-03,2.45946e-01,2.70270e-03,2.70270e-03,2.70270e-03,2.70270e-03,2.70270e-03,2.70270e-03,2.70270e-03,2.70270e-03
2.22222e-03,9.11111e-02,2.22222e-03,2.22222e-03,2.22222e-03,2.22222e-03,2.22222e-03,2.22222e-03,2.44444e-02,2.22222e-03,2.22222e-03,2.44444e-02,2.44444e-02,2.22222e-03,2.22222e-03,2.22222e-03,3.57778e-01,2.22222e-03,2.44444e-02,2.22222e-03,2.44444e-02,2.22222e-03,2.22222e-03,2.22222e-03,2.22222e-03,2.44444e-02,1.13333e-01,2.24444e-01,2.44444e-02,2.22222e-03
2.10345e-01,1.06897e-01,3.44828e-03,3.44828e-03,3.44828e-03,3.44828e-03,3.44828e-03,3.44828e-03,3.44828e-03,3.44828e-03,2.10345e-01,3.79310e-02,3.44828e-03,7.24138e-02,1.41379e-01,7.24138e-02,3.44828e-03,3.44828e-03,3.44828e-03,3.44828e-03,3.44828e-03,3.44828e-03,3.44828e-03,7.24138e-02,3.44828e-03,3.44828e-03,3.44828e-03,3.44828e-03,3.44828e-03,3.44828e-03
1.63934e-03,1.63934e-03,1.63934e-03,1.63934e-03,1.63934e-03,1.63934e-03,1.49180e-01,3.95082e-01,1.80328e-02,1.63934e-03,1.63934e-03,1.63934e-03,1.63934e-03,1.63934e-03,1.63934e-03,1.63934e-03,1.63934e-03,1.63934e-03,5.08197e-02,1.63934e-03,1.63934e-03,1.63934e-03,1.63934e-03,1.63934e-03,1.63934e-03,1.32787e-01,1.63934e-03,2.14754e-01,1.63934e-03,1.63934e-03
3.12500e-03,9.68750e-02,3.12500e-03,3.12500e-03,3.43750e-02,3.12500e-03,3.12500e-03,3.12500e-03,3.12500e-03,3.12500e-03,3.12500e-03,6.56250e-02,3.12500e-03,3.12500e-03,3.43750e-02,1.59375e-01,3.15625e-01,3.12500e-03,3.12500e-03,3.12500e-03,3.12500e-03,3.12500e-03,3.12500e-03,3.12500e-03,3.12500e-03,3.12500e-03,3.12500e-03,3.12500e-03,2.21875e-01,3.12500e-03
7.75000e-02,2.50000e-03,2.50000e-03,2.50000e-03,2.50000e-03,2.50000e-03,2.50000e-03,1.27500e-01,2.50000e-03,2.50000e-03,2.50000e-03,2.50000e-03,2.50000e-03,4.52500e-01,2.50000e-03,2.50000e-03,2.50000e-03,2.75000e-02,2.50000e-03,2.50000e-03,2.50000e-03,2.75000e-02,2.50000e-03,2.50000e-03,2.75000e-02,2.50000e-03,2.02500e-01,2.50000e-03,2.50000e-03,2.50000e-03
2.77778e-03,2.77778e-03,2.77778e-03,2.77778e-03,2.77778e-03,2.77778e-03,2.77778e-03,3.05556e-02,2.77778e-03,2.77778e-03,2.77778e-03,2.77778e-03,2.77778e-03,2.77778e-03,2.77778e-03,5.83333e-02,3.05556e-02,2.77778e-03,5.30556e-01,2.77778e-03,2.77778e-03,2.77778e-03,2.77778e-03,3.05556e-02,2.77778e-03,5.83333e-02,5.83333e-02,1.41667e-01,2.77778e-03,2.77778e-03
1.56250e-03,1.56250e-03,1.56250e-03,1.56250e-03,1.56250e-03,6.40625e-02,2.35937e-01,1.56250e-03,1.56250e-03,1.56250e-03,1.71875e-02,1.56250e-03,2.98438e-01,1.56250e-03,1.56250e-03,9.53125e-02,1.56250e-03,1.71875e-02,1.56250e-03,1.56250e-03,1.56250e-03,3.28125e-02,1.10937e-01,1.56250e-03,1.56250e-03,9.53125e-02,1.56250e-03,1.56250e-03,1.56250e-03,1.56250e-03
3.44828e-03,3.44828e-03,3.44828e-03,3.44828e-03,3.44828e-03,4.51724e-01,3.44828e-03,3.44828e-03,3.44828e-03,3.44828e-03,3.44828e-03,3.48276e-01,3.44828e-03,3.44828e-03,3.44828e-03,3.44828e-03,3.44828e-03,3.44828e-03,3.44828e-03,3.44828e-03,3.44828e-03,3.44828e-03,3.79310e-02,3.44828e-03,3.44828e-03,3.44828e-03,3.44828e-03,3.44828e-03,7.24138e-02,3.44828e-03
5.26316e-03,5.26316e-03,5.26316e-03,5.26316e-03,5.26316e-03,5.26316e-03,5.26316e-03,5.78947e-02,5.26316e-03,5.26316e-03,5.26316e-03,5.78947e-02,5.26316e-03,5.26316e-03,5.26316e-03,5.78947e-02,4.26316e-01,5.26316e-03,5.26316e-03,5.26316e-03,5.26316e-03,5.26316e-03,5.26316e-03,1.10526e-01,5.26316e-03,5.78947e-02,5.26316e-03,5.26316e-03,1.10526e-01,5.26316e-03
4.34783e-03,4.34783e-03,4.34783e-03,4.78261e-02,4.34783e-03,4.78261e-02,4.34783e-03,4.34783e-03,4.34783e-03,1.34783e-01,4.34783e-03,4.34783e-03,2.21739e-01,4.34783e-03,4.78261e-02,4.34783e-03,4.34783e-03,4.34783e-03,2.21739e-01,9.13043e-02,4.34783e-03,4.34783e-03,4.34783e-03,4.78261e-02,4.34783e-03,4.34783e-03,4.34783e-03,4.78261e-02,4.34783e-03,4.34783e-03
3.03030e-03,3.03030e-03,3.96970e-01,3.03030e-03,3.03030e-03,3.03030e-03,3.03030e-03,3.03030e-03,3.03030e-03,3.03030e-03,3.33333e-02,3.03030e-03,1.24242e-01,3.03030e-03,3.03030e-03,3.03030e-03,3.03030e-03,3.03030e-03,3.03030e-03,2.75758e-01,3.03030e-03,3.03030e-03,3.03030e-03,3.03030e-03,3.03030e-03,9.39394e-02,3.03030e-03,3.03030e-03,3.03030e-03,3.03030e-03
4.78261e-02,4.34783e-03,4.34783e-03,4.78261e-02,4.34783e-03,4.34783e-03,4.34783e-03,7.00000e-01,4.34783e-03,4.34783e-03,4.34783e-03,4.34783e-03,4.34783e-03,4.34783e-03,4.34783e-03,4.78261e-02,4.34783e-03,4.34783e-03,4.34783e-03,4.34783e-03,4.34783e-03,4.34783e-03,4.78261e-02,4.34783e-03,4.34783e-03,4.34783e-03,4.34783e-03,4.34783e-03,4.34783e-03,4.34783e-03
6.20000e-02,2.00000e-03,2.00000e-03,2.00000e-03,2.00000e-03,2.00000e-03,2.00000e-03,2.00000e-03,2.00000e-03,2.02000e-01,2.00000e-03,2.20000e-02,2.00000e-03,2.00000e-03,2.00000e-03,2.00000e-03,2.00000e-03,2.00000e-03,2.00000e-03,2.00000e-03,2.20000e-02,2.00000e-03,2.20000e-02,2.00000e-03,2.82000e-01,8.20000e-02,2.00000e-03,2.00000e-03,2.00000e-03,2.62000e-01
2.32558e-03,2.55814e-02,2.32558e-03,2.55814e-02,2.32558e-03,2.32558e-03,2.32558e-03,2.32558e-03,2.32558e-03,2.32558e-03,2.32558e-03,2.32558e-03,2.32558e-03,3.97674e-01,2.32558e-03,2.32558e-03,2.32558e-03,2.32558e-03,1.18605e-01,2.32558e-03,9.53488e-02,2.32558e-03,2.55814e-02,2.55814e-02,2.32558e-03,2.32558e-03,2.32558e-03,2.34884e-01,2.32558e-03,2.32558e-03
2.08333e-03,2.08333e-03,2.08333e-03,2.08333e-03,2.08333e-03,2.08333e-03,6.45833e-02,2.08333e-03,2.08333e-03,2.08333e-03,2.08333e-03,2.08333e-03,2.08333e-03,6.68750e-01,2.08333e-03,2.08333e-03,2.08333e-03,2.08333e-03,2.08333e-03,2.08333e-03,1.47917e-01,2.08333e-03,2.08333e-03,2.08333e-03,2.08333e-03,2.08333e-03,4.37500e-02,2.08333e-03,2.29167e-02,2.08333e-03
2.94118e-03,2.94118e-03,3.26471e-01,2.94118e-03,2.94118e-03,2.94118e-03,2.94118e-03,2.94118e-03,2.94118e-03,2.94118e-03,2.94118e-03,2.94118e-03,6.17647e-02,2.94118e-03,2.38235e-01,2.94118e-03,2.94118e-03,2.94118e-03,1.79412e-01,2.94118e-03,1.20588e-01,2.94118e-03,2.94118e-03,2.94118e-03,2.94118e-03,2.94118e-03,2.94118e-03,2.94118e-03,2.94118e-03,2.94118e-03
5.88235e-03,5.88235e-03,5.88235e-03,6.47059e-02,5.88235e-03,5.88235e-03,6.47059e-02,5.88235e-03,5.88235e-03,5.88235e-03,5.88235e-03,5.88235e-03,1.23529e-01,5.88235e-03,5.88235e-03,5.88235e-03,5.88235e-03,4.17647e-01,5.88235e-03,5.88235e-03,5.88235e-03,5.88235e-03,1.23529e-01,5.88235e-03,6.47059e-02,5.88235e-03,5.88235e-03,5.88235e-03,5.88235e-03,5.88235e-03
4.11765e-02,1.96078e-03,2.15686e-02,1.96078e-03,1.96078e-03,1.96078e-03,1.96078e-03,6.07843e-02,1.96078e-03,2.15686e-02,1.96078e-03,4.92157e-01,1.96078e-03,1.96078e-03,1.96078e-03,1.96078e-03,1.96078e-03,4.11765e-02,1.96078e-03,1.96078e-03,1.96078e-03,1.96078e-03,1.96078e-03,1.96078e-03,1.96078e-03,2.17647e-01,1.96078e-03,6.07843e-02,1.96078e-03,1.96078e-03
8.91304e-02,2.17391e-03,2.17391e-03,2.39130e-02,2.17391e-03,2.17391e-03,2.17391e-03,2.17391e-03,2.17391e-03,2.17391e-03,5.02174e-01,2.17391e-03,6.73913e-02,2.17391e-03,2.17391e-03,2.17391e-03,2.17391e-03,2.17391e-03,1.76087e-01,2.17391e-03,2.39130e-02,2.17391e-03,2.17391e-03,2.17391e-03,2.17391e-03,6.73913e-02,2.17391e-03,2.17391e-03,2.17391e-03,2.17391e-03
4.16667e-03,4.16667e-03,4.16667e-03,4.16667e-03,8.75000e-02,4.16667e-03,4.16667e-03,4.16667e-03,2.95833e-01,4.16667e-03,4.16667e-03,4.16667e-03,1.70833e-01,4.16667e-03,4.16667e-03,4.16667e-03,4.16667e-03,4.16667e-03,4.16667e-03,8.75000e-02,4.16667e-03,4.16667e-03,4.16667e-03,4.16667e-03,4.16667e-03,4.16667e-03,2.54167e-01,4.16667e-03,4.16667e-03,4.16667e-03
2.38095e-03,2.38095e-03,7.38095e-02,2.38095e-03,7.38095e-02,2.38095e-03,2.38095e-03,2.38095e-03,5.00000e-02,2.38095e-03,2.38095e-03,7.38095e-02,5.00000e-02,2.38095e-03,2.38095e-03,9.76190e-02,2.61905e-02,1.69048e-01,2.38095e-03,2.38095e-03,2.38095e-03,2.38095e-03,9.76190e-02,2.38095e-03,2.38095e-03,2.38095e-03,2.38095e-03,2.38095e-03,2.38095e-03,2.40476e-01
3.44828e-03,7.24138e-02,3.44828e-03,7.24138e-02,3.79310e-02,3.44828e-03,3.44828e-03,7.24138e-02,1.41379e-01,3.44828e-03,3.44828e-03,3.44828e-03,3.79310e-02,3.44828e-03,3.44828e-03,3.44828e-03,2.44828e-01,1.41379e-01,3.44828e-03,3.44828e-03,3.44828e-03,3.44828e-03,1.06897e-01,3.44828e-03,3.44828e-03,3.44828e-03,3.44828e-03,3.44828e-03,3.44828e-03,3.44828e-03
2.50000e-03,2.50000e-03,2.50000e-03,2.50000e-03,2.50000e-03,2.50000e-03,2.50000e-03,2.50000e-03,2.50000e-03,2.50000e-03,2.50000e-03,2.50000e-03,2.50000e-03,1.02500e-01,2.50000e-03,2.50000e-03,7.02500e-01,2.75000e-02,2.50000e-03,2.50000e-03,2.50000e-03,2.50000e-03,1.02500e-01,2.50000e-03,2.50000e-03,2.50000e-03,2.50000e-03,2.50000e-03,2.50000e-03,2.50000e-03
3.33333e-02,3.03030e-03,3.03030e-03,3.03030e-03,3.03030e-03,3.03030e-03,3.03030e-03,3.03030e-03,3.03030e-03,3.03030e-03,3.03030e-03,3.03030e-03,3.03030e-03,3.03030e-03,3.03030e-03,3.03030e-03,3.36364e-01,3.03030e-03,3.06061e-01,3.03030e-03,3.03030e-03,9.39394e-02,3.03030e-03,3.03030e-03,3.03030e-03,3.03030e-03,1.24242e-01,3.33333e-02,3.03030e-03,3.03030e-03
2.50000e-03,2.50000e-03,2.50000e-03,2.50000e-03,2.50000e-03,2.75000e-02,2.50000e-03,2.50000e-03,2.50000e-03,2.50000e-03,2.50000e-03,2.50000e-03,1.52500e-01,2.50000e-03,2.50000e-03,2.50000e-03,2.75000e-02,5.25000e-02,2.50000e-03,2.50000e-03,2.50000e-03,2.75000e-02,2.75000e-02,3.02500e-01,2.50000e-03,2.50000e-03,2.50000e-03,2.50000e-03,1.27500e-01,2.02500e-01
5.38462e-02,2.82051e-02,2.56410e-03,2.56410e-03,2.56410e-03,2.56410e-03,2.56410e-03,2.56410e-03,2.56410e-03,2.07692e-01,2.56410e-03,2.56410e-03,2.56410e-03,2.56410e-03,2.56410e-03,2.07692e-01,3.87179e-01,2.56410e-03,2.56410e-03,2.56410e-03,2.56410e-03,5.38462e-02,2.56410e-03,2.56410e-03,2.56410e-03,2.56410e-03,2.56410e-03,2.56410e-03,2.56410e-03,2.56410e-03
1.85185e-03,6.50000e-01,1.85185e-03,1.85185e-03,3.88889e-02,1.85185e-03,1.85185e-03,1.85185e-03,1.85185e-03,1.85185e-03,1.85185e-03,1.85185e-03,2.05556e-01,1.85185e-03,1.85185e-03,1.85185e-03,1.85185e-03,1.85185e-03,1.85185e-03,1.85185e-03,1.85185e-03,1.85185e-03,1.85185e-03,1.85185e-03,5.74074e-02,1.85185e-03,1.85185e-03,1.85185e-03,1.85185e-03,1.85185e-03
2.56410e-03,2.56410e-03,2.56410e-03,2.56410e-03,1.56410e-01,2.56410e-03,2.56410e-03,2.56410e-03,2.56410e-03,2.56410e-03,2.56410e-03,2.56410e-03,2.56410e-03,2.56410e-03,5.15385e-01,2.56410e-03,1.05128e-01,2.56410e-03,2.56410e-03,2.56410e-03,2.56410e-03,2.56410e-03,5.38462e-02,5.38462e-02,2.56410e-03,2.56410e-03,2.56410e-03,5.38462e-02,2.56410e-03,2.56410e-03
2.27273e-03,1.15909e-01,2.50000e-02,2.27273e-03,2.27273e-03,2.27273e-03,4.77273e-02,2.27273e-03,2.27273e-03,2.27273e-03,2.27273e-03,2.27273e-03,2.50000e-02,2.27273e-03,2.27273e-03,2.27273e-03,1.38636e-01,2.27273e-03,4.77273e-02,2.27273e-03,2.50000e-02,2.27273e-03,2.27273e-03,2.27273e-03,2.27273e-03,2.27273e-03,5.25000e-01,2.27273e-03,2.27273e-03,2.27273e-03
2.32558e-03,1.88372e-01,2.32558e-03,2.32558e-03,2.32558e-03,2.32558e-03,2.32558e-03,2.32558e-03,2.32558e-03,7.20930e-02,2.32558e-03,2.32558e-03,4.88372e-02,2.32558e-03,2.32558e-03,2.32558e-03,2.32558e-03,4.88372e-02,3.97674e-01,1.18605e-01,2.32558e-03,2.32558e-03,2.32558e-03,2.32558e-03,2.55814e-02,2.32558e-03,2.32558e-03,2.32558e-03,4.88372e-02,2.32558e-03
2.70732e-01,5.12195e-02,2.43902e-03,2.43902e-03,2.43902e-03,2.43902e-03,2.43902e-03,2.43902e-03,2.43902e-03,2.68293e-02,1.97561e-01,2.43902e-03,2.68293e-02,2.68293e-02,2.68293e-02,2.43902e-03,2.43902e-03,2.43902e-03,2.43902e-03,7.56098e-02,2.43902e-03,2.43902e-03,2.43902e-03,5.12195e-02,5.12195e-02,2.43902e-03,2.43902e-03,2.43902e-03,1.48780e-01,2.43902e-03
3.22581e-03,3.54839e-02,3.22581e-03,3.22581e-03,3.22581e-03,3.22581e-03,3.22581e-03,3.22581e-03,3.22581e-03,3.22581e-03,3.22581e-03,3.22581e-03,3.22581e-03,3.22581e-03,3.22581e-03,3.22581e-03,3.22581e-03,3.22581e-03,3.22581e-03,3.22581e-03,1.32258e-01,3.22581e-03,3.22581e-03,3.58065e-01,6.77419e-02,1.96774e-01,3.22581e-03,3.22581e-03,3.22581e-03,1.32258e-01
6.88889e-02,2.22222e-03,2.22222e-03,2.22222e-03,2.22222e-03,2.44444e-02,2.22222e-03,2.44444e-02,2.22222e-03,2.22222e-03,6.88889e-02,2.22222e-03,2.44444e-02,2.22222e-03,2.02222e-01,2.22222e-03,2.22222e-03,1.35556e-01,2.22222e-03,2.22222e-03,2.22222e-03,2.22222e-03,2.46667e-01,2.22222e-03,2.22222e-03,1.57778e-01,2.22222e-03,2.22222e-03,2.22222e-03,2.22222e-03
1.63934e-03,1.63934e-03,1.63934e-03,1.63934e-03,1.63934e-03,1.63934e-03,1.63934e-03,1.63934e-03,1.63934e-03,1.63934e-03,1.63934e-03,1.63934e-03,1.63934e-03,1.63934e-03,1.63934e-03,1.63934e-03,1.63934e-03,1.63934e-03,1.63934e-03,1.63934e-03,1.63934e-03,1.63934e-03,1.63934e-03,1.63934e-03,9.52459e-01,1.63934e-03,1.63934e-03,1.63934e-03,1.63934e-03,1.63934e-03
9.11765e-02,1.79412e-01,2.94118e-03,2.94118e-03,2.94118e-03,2.94118e-03,2.94118e-03,2.94118e-03,2.94118e-03,2.94118e-03,2.94118e-03,2.94118e-03,3.85294e-01,2.94118e-03,6.17647e-02,2.94118e-03,2.94118e-03,2.94118e-03,2.94118e-03,2.94118e-03,3.23529e-02,3.23529e-02,2.94118e-03,2.94118e-03,2.94118e-03,1.20588e-01,2.94118e-03,2.94118e-03,2.94118e-03,3.23529e-02
2.56410e-03,2.56410e-03,2.56410e-03,2.56410e-03,2.56410e-03,2.56410e-03,2.56410e-03,2.56410e-03,1.56410e-01,1.82051e-01,2.56410e-03,2.56410e-03,2.56410e-03,2.56410e-03,2.56410e-03,2.56410e-03,2.56410e-03,2.56410e-03,2.56410e-03,7.94872e-02,4.38462e-01,2.56410e-03,5.38462e-02,2.56410e-03,2.56410e-03,2.56410e-03,2.56410e-03,2.56410e-03,2.56410e-03,2.82051e-02
2.94118e-03,2.94118e-03,2.94118e-03,2.94118e-03,1.79412e-01,2.94118e-03,2.94118e-03,2.94118e-03,2.94118e-03,2.94118e-03,2.94118e-03,2.94118e-03,2.94118e-03,2.94118e-03,2.94118e-03,2.94118e-03,2.94118e-03,2.94118e-03,2.94118e-03,2.94118e-03,2.94118e-03,2.94118e-03,7.38235e-01,2.94118e-03,2.94118e-03,2.94118e-03,2.94118e-03,2.94118e-03,2.94118e-03,2.94118e-03
4.56522e-02,2.17391e-03,2.17391e-03,2.17391e-03,6.73913e-02,2.17391e-03,2.17391e-03,2.17391e-03,2.17391e-03,2.17391e-03,2.17391e-03,2.17391e-03,2.17391e-03,2.17391e-03,2.17391e-03,2.17391e-03,2.17391e-03,2.17391e-03,2.17391e-03,2.17391e-03,2.17391e-03,2.17391e-03,2.17391e-03,2.17391e-03,8.91304e-02,2.17391e-03,3.93478e-01,2.39130e-02,1.10870e-01,2.19565e-01
1.06250e-01,2.08333e-03,2.08333e-03,2.08333e-03,2.31250e-01,2.08333e-03,2.08333e-03,2.08333e-03,2.08333e-03,2.08333e-03,2.08333e-03,8.54167e-02,8.54167e-02,2.93750e-01,8.54167e-02,2.29167e-02,2.08333e-03,2.08333e-03,2.08333e-03,2.08333e-03,2.08333e-03,2.08333e-03,2.08333e-03,2.08333e-03,2.08333e-03,4.37500e-02,2.08333e-03,2.08333e-03,2.08333e-03,2.08333e-03
3.70370e-03,3.70370e-03,3.70370e-03,1.88889e-01,4.07407e-02,3.70370e-03,2.25926e-01,3.70370e-03,3.70370e-03,3.70370e-03,7.77778e-02,3.70370e-03,3.70370e-03,3.70370e-03,3.70370e-03,3.70370e-03,7.77778e-02,3.70370e-03,3.70370e-03,3.70370e-03,3.70370e-03,3.70370e-03,7.77778e-02,4.07407e-02,3.70370e-03,3.70370e-03,3.70370e-03,3.70370e-03,4.07407e-02,1.51852e-01
2.08333e-03,2.08333e-03,2.08333e-03,2.08333e-03,2.08333e-03,2.08333e-03,2.08333e-03,2.08333e-03,2.08333e-03,4.37500e-02,2.10417e-01,2.72917e-01,2.08333e-03,2.08333e-03,2.08333e-03,2.08333e-03,4.37500e-02,4.37500e-02,2.08333e-03,2.08333e-03,2.31250e-01,2.08333e-03,6.45833e-02,2.08333e-03,4.37500e-02,2.08333e-03,2.08333e-03,2.08333e-03,2.08333e-03,2.08333e-03
1.85185e-03,3.88889e-02,1.85185e-03,1.85185e-03,1.85185e-03,1.85185e-03,1.85185e-03,2.03704e-02,1.85185e-03,2.03704e-02,7.59259e-02,1.85185e-03,1.85185e-03,1.85185e-03,1.85185e-03,1.85185e-03,5.57407e-01,1.85185e-03,9.44444e-02,1.85185e-03,1.85185e-03,1.85185e-03,1.85185e-03,2.03704e-02,1.85185e-03,1.85185e-03,1.85185e-03,2.03704e-02,1.12963e-01,1.85185e-03
2.85714e-03,2.85714e-03,3.14286e-02,2.85714e-03,2.85714e-03,2.85714e-03,2.85714e-03,8.85714e-02,2.85714e-03,2.85714e-03,2.85714e-03,2.85714e-03,3.14286e-02,6.00000e-02,3.14286e-02,2.85714e-03,2.85714e-03,2.85714e-03,2.88571e-01,2.85714e-03,2.85714e-03,8.85714e-02,3.14286e-02,2.85714e-03,2.85714e-03,6.00000e-02,2.85714e-03,2.85714e-03,1.74286e-01,6.00000e-02
3.44828e-03,3.44828e-03,3.44828e-03,1.75862e-01,3.44828e-03,3.44828e-03,3.79310e-02,6.58621e-01,3.44828e-03,3.44828e-03,3.44828e-03,3.44828e-03,3.44828e-03,3.44828e-03,3.44828e-03,3.44828e-03,3.44828e-03,3.44828e-03,3.44828e-03,3.44828e-03,3.44828e-03,3.44828e-03,3.44828e-03,3.44828e-03,3.79310e-02,3.44828e-03,3.44828e-03,3.44828e-03,3.44828e-03,3.44828e-03
2.29167e-02,4.37500e-02,2.08333e-03,2.08333e-03,2.08333e-03,1.06250e-01,4.37500e-02,2.29167e-02,2.08333e-03,2.08333e-03,1.89583e-01,2.08333e-03,2.08333e-03,2.08333e-03,2.08333e-03,1.27083e-01,2.08333e-03,2.08333e-03,2.52083e-01,2.08333e-03,2.08333e-03,2.08333e-03,6.45833e-02,2.08333e-03,2.08333e-03,2.08333e-03,2.08333e-03,2.08333e-03,8.54167e-02,2.08333e-03
3.03030e-03,3.03030e-03,1.24242e-01,3.03030e-03,3.03030e-03,3.03030e-03,3.03030e-03,3.33333e-02,3.03030e-03,3.03030e-03,6.36364e-02,3.03030e-03,3.33333e-02,3.03030e-03,3.03030e-03,3.03030e-03,3.03030e-03,3.03030e-03,3.03030e-03,3.03030e-03,5.78788e-01,3.33333e-02,3.03030e-03,3.03030e-03,3.03030e-03,3.03030e-03,3.03030e-03,3.03030e-03,3.03030e-03,6.36364e-02
3.03030e-03,3.03030e-03,3.33333e-02,3.03030e-03,1.54545e-01,3.03030e-03,3.03030e-03,3.03030e-03,3.03030e-03,3.33333e-02,3.03030e-03,3.03030e-03,3.03030e-03,3.03030e-03,9.39394e-02,3.03030e-03,3.03030e-03,3.03030e-03,3.03030e-03,3.03030e-03,3.03030e-03,3.03030e-03,6.36364e-02,3.03030e-03,3.03030e-03,3.03030e-03,1.24242e-01,3.03030e-03,4.27273e-01,3.03030e-03
2.70270e-03,2.70270e-03,2.70270e-03,2.70270e-03,2.70270e-03,1.10811e-01,2.70270e-03,2.97297e-02,2.70270e-03,2.70270e-03,1.91892e-01,5.67568e-02,2.70270e-03,3.81081e-01,2.70270e-03,2.70270e-03,2.70270e-03,2.70270e-03,2.70270e-03,8.37838e-02,2.70270e-03,2.70270e-03,2.70270e-03,2.70270e-03,2.70270e-03,2.70270e-03,2.70270e-03,2.97297e-02,2.70270e-03,5.67568e-02
1.92308e-03,1.92308e-03,1.94231e-01,1.92308e-03,7.88462e-02,2.13462e-01,5.96154e-02,1.92308e-03,1.92308e-03,1.92308e-03,1.92308e-03,1.92308e-03,1.92308e-03,1.92308e-03,2.11538e-02,2.71154e-01,1.92308e-03,1.17308e-01,1.92308e-03,1.92308e-03,1.92308e-03,1.92308e-03,1.92308e-03,1.92308e-03,1.92308e-03,1.92308e-03,1.92308e-03,1.92308e-03,1.92308e-03,1.92308e-03
4.00000e-03,4.00000e-03,4.40000e-02,4.40000e-02,4.00000e-03,8.40000e-02,4.00000e-03,4.00000e-03,4.00000e-03,4.00000e-03,4.00000e-03,4.00000e-03,4.40000e-02,4.00000e-03,4.00000e-03,4.00000e-03,2.04000e-01,4.00000e-03,4.00000e-03,4.00000e-03,4.00000e-03,1.64000e-01,8.40000e-02,8.40000e-02,4.40000e-02,1.24000e-01,4.00000e-03,4.00000e-03,4.00000e-03,4.00000e-03
4.00000e-03,4.00000e-03,4.00000e-03,7.24000e-01,4.00000e-03,4.00000e-03,4.00000e-03,4.00000e-03,4.00000e-03,4.00000e-03,4.00000e-03,4.00000e-03,4.00000e-03,4.00000e-03,4.00000e-03,4.00000e-03,4.00000e-03,4.00000e-03,8.40000e-02,4.00000e-03,4.00000e-03,4.40000e-02,4.00000e-03,4.00000e-03,4.00000e-03,4.00000e-03,4.00000e-03,4.40000e-02,4.00000e-03,4.00000e-03
2.43902e-03,2.43902e-03,2.43902e-03,2.43902e-03,2.43902e-03,2.43902e-03,2.43902e-03,2.43902e-03,2.43902e-03,2.43902e-03,2.43902e-03,7.82927e-01,2.43902e-03,2.43902e-03,2.43902e-03,2.43902e-03,2.43902e-03,2.43902e-03,2.43902e-03,2.43902e-03,2.43902e-03,2.43902e-03,2.43902e-03,2.68293e-02,2.43902e-03,2.43902e-03,2.43902e-03,2.43902e-03,2.43902e-03,1.24390e-01
1.78571e-03,1.78571e-03,1.78571e-03,1.96429e-02,1.96429e-02,5.53571e-02,1.96429e-02,1.78571e-03,1.78571e-03,1.78571e-03,1.78571e-03,1.78571e-03,1.78571e-03,1.78571e-03,5.53571e-02,1.78571e-03,1.78571e-03,1.96429e-02,1.78571e-03,1.78571e-03,1.78571e-03,1.78571e-03,1.96429e-02,3.58929e-01,1.44643e-01,2.51786e-01,1.78571e-03,1.78571e-03,1.78571e-03,1.78571e-03
