3.05556e-02,5.83333e-02,2.77778e-03,2.77778e-03,2.77778e-03,1.13889e-01,5.83333e-02,2.77778e-03,3.05556e-02,2.77778e-03,2.77778e-03,2.77778e-03,2.77778e-03,4.19444e-01,2.77778e-03,2.77778e-03,2.77778e-03,2.77778e-03,5.83333e-02,2.77778e-03,2.77778e-03,2.77778e-03,1.41667e-01,2.77778e-03,3.05556e-02,2.77778e-03,2.77778e-03,2.77778e-03,2.77778e-03,2.77778e-03
2.56410e-03,2.56410e-03,2.56410e-03,2.56410e-03,2.56410e-03,2.56410e-03,2.56410e-03,5.38462e-02,2.56410e-03,2.56410e-03,2.56410e-03,2.56410e-03,2.56410e-03,2.56410e-03,2.56410e-03,2.56410e-03,2.56410e-03,2.56410e-03,2.56410e-03,2.56410e-03,2.56410e-03,2.56410e-03,2.56410e-03,2.56410e-03,8.74359e-01,2.56410e-03,2.56410e-03,2.56410e-03,2.56410e-03,2.56410e-03
2.77778e-03,3.05556e-02,2.77778e-03,2.77778e-03,2.77778e-03,2.77778e-03,2.77778e-03,2.77778e-03,2.77778e-03,2.77778e-03,2.77778e-03,2.77778e-03,5.83333e-02,2.77778e-03,2.77778e-03,2.77778e-03,2.77778e-03,2.77778e-03,2.77778e-03,2.77778e-03,2.52778e-01,2.77778e-03,2.77778e-03,2.77778e-03,2.77778e-03,5.02778e-01,8.61111e-02,2.77778e-03,2.77778e-03,2.77778e-03
2.08333e-03,2.08333e-03,4.37500e-02,2.08333e-03,2.08333e-03,1.89583e-01,2.08333e-03,2.08333e-03,5.22917e-01,2.08333e-03,6.45833e-02,4.37500e-02,2.08333e-03,2.08333e-03,2.08333e-03,2.08333e-03,2.08333e-03,2.08333e-03,2.08333e-03,2.08333e-03,2.29167e-02,2.08333e-03,2.08333e-03,2.29167e-02,2.08333e-03,4.37500e-02,2.08333e-03,2.08333e-03,2.08333e-03,2.08333e-03
1.72414e-03,1.89655e-02,1.72414e-03,1.72414e-03,1.22414e-01,1.22414e-01,1.05172e-01,1.72414e-03,1.72414e-03,1.89655e-02,1.72414e-03,1.72414e-03,1.89655e-02,1.72414e-03,1.72414e-03,1.72414e-03,1.72414e-03,1.72414e-03,1.72414e-03,1.72414e-03,8.79310e-02,1.72414e-03,1.72414e-03,1.72414e-03,1.89655e-02,1.72414e-03,1.72414e-03,1.72414e-03,1.72414e-03,4.50000e-01
2.63158e-03,2.63158e-03,8.15789e-02,4.76316e-01,2.63158e-03,2.63158e-03,2.89474e-02,2.63158e-03,2.63158e-03,2.63158e-03,2.63158e-03,2.89474e-02,2.63158e-03,2.63158e-03,2.63158e-03,2.63158e-03,2.63158e-03,8.15789e-02,2.63158e-03,2.89474e-02,2.63158e-03,2.63158e-03,2.89474e-02,8.15789e-02,2.63158e-03,1.07895e-01,2.63158e-03,2.63158e-03,2.63158e-03,2.63158e-03
3.33333e-02,3.03030e-03,3.03030e-03,9.39394e-02,3.03030e-03,1.54545e-01,3.33333e-02,3.03030e-03,3.03030e-03,3.03030e-03,3.03030e-03,3.06061e-01,3.03030e-03,3.03030e-03,3.03030e-03,3.03030e-03,3.03030e-03,1.54545e-01,3.03030e-03,3.03030e-03,3.03030e-03,3.03030e-03,3.03030e-03,3.03030e-03,6.36364e-02,3.03030e-03,3.03030e-03,3.03030e-03,3.03030e-03,9.39394e-02
3.33333e-03,3.33333e-03,7.00000e-02,3.33333e-03,3.36667e-01,3.33333e-03,3.33333e-03,3.66667e-02,1.36667e-01,3.66667e-02,3.33333e-03,3.33333e-03,3.33333e-03,3.33333e-03,3.33333e-03,3.33333e-03,3.66667e-02,3.33333e-03,1.03333e-01,3.66667e-02,3.33333e-03,3.33333e-03,3.66667e-02,3.33333e-03,3.33333e-03,3.66667e-02,3.33333e-03,3.33333e-03,3.66667e-02,3.66667e-02
2.32558e-03,2.55814e-02,2.32558e-03,4.88372e-02,2.32558e-03,2.32558e-03,2.32558e-03,2.55814e-02,2.32558e-03,2.32558e-03,2.32558e-03,2.55814e-02,2.32558e-03,2.55814e-02,1.65116e-01,2.32558e-03,2.32558e-03,2.32558e-03,2.32558e-03,2.32558e-03,3.04651e-01,2.32558e-03,2.32558e-03,2.32558e-03,1.41860e-01,7.20930e-02,2.32558e-03,2.32558e-03,2.32558e-03,1.18605e-01
1.39216e-01,1.96078e-03,1.96078e-03,2.15686e-02,3.35294e-01,1.96078e-03,1.96078e-03,1.96078e-03,1.96078e-03,1.96078e-03,1.96078e-03,8.03922e-02,1.96078e-03,1.96078e-03,1.96078e-03,1.96078e-03,1.96078e-03,1.96078e-03,1.96078e-03,1.96078e-03,1.96078e-03,1.96078e-03,1.96078e-03,1.96078e-03,1.96078e-03,1.96078e-03,1.19608e-01,1.96078e-03,1.96078e-03,2.56863e-01
3.00000e-01,3.70370e-03,1.88889e-01,3.70370e-03,3.70370e-03,3.70370e-03,3.70370e-03,3.70370e-03,4.07407e-02,3.70370e-03,3.70370e-03,2.25926e-01,3.70370e-03,3.70370e-03,3.70370e-03,3.70370e-03,3.70370e-03,3.70370e-03,3.70370e-03,3.70370e-03,7.77778e-02,4.07407e-02,3.70370e-03,3.70370e-03,3.70370e-03,3.70370e-03,3.70370e-03,3.70370e-03,3.70370e-03,4.07407e-02
2.43902e-03,2.43902e-03,2.43902e-03,2.43902e-03,2.43902e-03,1.00000e-01,2.43902e-03,2.43902e-03,2.68293e-02,2.43902e-03,2.43902e-03,2.43902e-03,2.43902e-03,2.43902e-03,2.43902e-03,2.43902e-03,2.43902e-03,5.39024e-01,2.46341e-01,2.68293e-02,2.43902e-03,2.43902e-03,2.43902e-03,2.43902e-03,2.43902e-03,2.43902e-03,2.43902e-03,2.43902e-03,2.43902e-03,2.43902e-03
2.97297e-02,2.97297e-02,2.70270e-03,2.70270e-03,2.70270e-03,2.70270e-03,2.70270e-03,2.70270e-03,2.70270e-03,2.70270e-03,2.97297e-02,1.10811e-01,2.70270e-03,2.70270e-03,2.70270e-03,2.70270e-03,2.70270e-03,1.37838e-01,2.70270e-03,2.70270e-03,5.70270e-01,2.70270e-03,2.70270e-03,2.97297e-02,2.70270e-03,2.70270e-03,2.70270e-03,2.70270e-03,2.70270e-03,2.70270e-03
3.33333e-02,3.03030e-03,3.03030e-03,9.39394e-02,3.33333e-02,3.03030e-03,3.03030e-03,3.03030e-03,3.03030e-03,3.03030e-03,3.03030e-03,9.39394e-02,3.03030e-03,3.03030e-03,3.03030e-03,1.84848e-01,9.39394e-02,3.03030e-03,9.39394e-02,3.03030e-03,3.03030e-03,3.03030e-03,3.03030e-03,3.03030e-03,3.03030e-03,3.03030e-03,1.24242e-01,1.84848e-01,3.03030e-03,3.03030e-03
3.44828e-03,3.44828e-03,2.10345e-01,3.44828e-03,3.82759e-01,3.44828e-03,3.44828e-03,3.44828e-03,3.44828e-03,3.44828e-03,7.24138e-02,3.44828e-03,3.44828e-03,3.44828e-03,3.44828e-03,3.44828e-03,3.44828e-03,3.44828e-03,3.44828e-03,2.44828e-01,3.44828e-03,3.44828e-03,3.44828e-03,3.44828e-03,3.44828e-03,3.44828e-03,3.44828e-03,3.44828e-03,3.44828e-03,3.44828e-03
1.96078e-03,8.03922e-02,1.96078e-03,1.00000e-01,1.96078e-03,1.96078e-03,1.96078e-03,1.96078e-03,1.96078e-03,1.96078e-03,6.68627e-01,1.96078e-03,1.96078e-03,1.96078e-03,1.96078e-03,2.15686e-02,1.96078e-03,1.96078e-03,1.96078e-03,1.96078e-03,4.11765e-02,2.15686e-02,1.96078e-03,1.96078e-03,1.96078e-03,1.96078e-03,1.96078e-03,2.15686e-02,1.96078e-03,1.96078e-03
3.33333e-02,6.36364e-02,1.54545e-01,3.03030e-03,3.03030e-03,3.03030e-03,3.03030e-03,3.03030e-03,3.03030e-03,3.03030e-03,3.03030e-03,3.03030e-03,3.03030e-03,3.03030e-03,3.03030e-03,1.24242e-01,3.03030e-03,3.03030e-03,3.03030e-03,3.03030e-03,3.03030e-03,3.03030e-03,3.36364e-01,1.24242e-01,3.03030e-03,3.03030e-03,3.03030e-03,3.03030e-03,3.33333e-02,6.36364e-02
4.34783e-03,4.34783e-03,4.78261e-02,4.34783e-03,4.34783e-03,4.34783e-03,4.34783e-03,4.34783e-03,4.78261e-02,4.34783e-03,4.34783e-03,4.34783e-03,4.34783e-03,4.34783e-03,4.34783e-03,4.34783e-03,4.34783e-03,4.34783e-03,4.34783e-03,4.34783e-03,3.08696e-01,2.21739e-01,4.34783e-03,9.13043e-02,1.34783e-01,4.34783e-03,4.78261e-02,4.34783e-03,4.34783e-03,4.34783e-03
3.44262e-02,1.63934e-03,1.63934e-03,1.63934e-03,1.63934e-03,2.80328e-01,1.63934e-03,5.08197e-02,1.63934e-03,1.63934e-03,1.63934e-03,1.63934e-03,3.44262e-02,1.63934e-03,5.08197e-02,1.63934e-03,1.63934e-03,1.63934e-03,1.63934e-03,1.63934e-03,1.80328e-02,2.14754e-01,1.63934e-03,1.63934e-03,5.08197e-02,1.63934e-03,1.63934e-03,2.31148e-01,1.63934e-03,1.63934e-03
3.33333e-03,3.33333e-03,3.33333e-03,3.33333e-03,3.33333e-03,1.70000e-01,3.33333e-03,2.70000e-01,3.33333e-03,3.33333e-03,3.33333e-03,3.33333e-03,3.33333e-03,3.33333e-03,3.33333e-03,3.33333e-03,3.33333e-03,3.33333e-03,1.36667e-01,3.33333e-03,3.33333e-03,7.00000e-02,3.33333e-03,3.33333e-03,3.33333e-03,3.33333e-03,3.33333e-03,3.33333e-03,3.33333e-03,2.70000e-01
6.56250e-02,3.12500e-03,3.12500e-03,6.56250e-02,3.43750e-02,3.12500e-03,3.43750e-02,3.12500e-03,3.12500e-03,3.12500e-03,3.12500e-03,3.12500e-03,3.12500e-03,3.12500e-03,3.12500e-03,3.12500e-03,3.12500e-03,3.12500e-03,3.12500e-03,3.12500e-03,5.96875e-01,9.68750e-02,3.12500e-03,3.12500e-03,3.12500e-03,3.12500e-03,3.43750e-02,3.12500e-03,3.12500e-03,3.12500e-03
2.56410e-03,2.56410e-03,2.56410e-03,2.56410e-03,2.56410e-03,2.56410e-03,2.56410e-03,2.82051e-02,2.56410e-03,2.56410e-03,2.56410e-03,2.56410e-03,2.56410e-03,2.56410e-03,2.56410e-03,2.56410e-03,2.56410e-03,2.56410e-03,2.56410e-03,2.56410e-03,2.56410e-03,2.56410e-03,2.56410e-03,2.56410e-03,9.00000e-01,2.56410e-03,2.56410e-03,2.56410e-03,2.56410e-03,2.56410e-03
3.84615e-03,3.84615e-03,3.84615e-03,4.23077e-02,3.84615e-03,3.84615e-03,3.84615e-03,3.84615e-03,3.84615e-03,3.84615e-03,8.07692e-02,3.88462e-01,3.84615e-03,3.84615e-03,3.84615e-03,3.84615e-03,3.84615e-03,3.84615e-03,3.84615e-03,3.84615e-03,8.07692e-02,4.23077e-02,3.84615e-03,3.84615e-03,1.96154e-01,8.07692e-02,3.84615e-03,3.84615e-03,3.84615e-03,3.84615e-03
3.57143e-03,3.57143e-03,3.57143e-03,3.57143e-03,3.92857e-02,3.57143e-03,3.57143e-03,3.57143e-03,3.57143e-03,3.57143e-03,3.57143e-03,7.50000e-02,1.46429e-01,3.57143e-03,3.57143e-03,3.57143e-03,3.57143e-03,3.57143e-03,3.92857e-02,7.50000e-02,3.57143e-03,3.25000e-01,3.92857e-02,3.57143e-03,3.57143e-03,3.57143e-03,3.57143e-03,3.57143e-03,3.57143e-03,1.82143e-01
3.84615e-03,3.84615e-03,3.84615e-03,4.23077e-02,3.84615e-03,3.50000e-01,8.07692e-02,3.84615e-03,3.84615e-03,4.23077e-02,4.23077e-02,3.84615e-03,3.84615e-03,3.84615e-03,3.84615e-03,4.23077e-02,3.84615e-03,3.84615e-03,8.07692e-02,3.84615e-03,4.23077e-02,3.84615e-03,3.84615e-03,3.84615e-03,3.84615e-03,3.84615e-03,3.84615e-03,3.84615e-03,3.84615e-03,1.96154e-01
1.53846e-03,2.01538e-01,1.53846e-03,1.53846e-03,1.53846e-03,1.53846e-03,1.69231e-02,1.53846e-03,1.53846e-03,1.53846e-03,1.53846e-03,1.53846e-03,1.53846e-03,1.53846e-03,1.53846e-03,1.53846e-03,1.53846e-03,1.53846e-03,1.40000e-01,1.53846e-03,1.53846e-03,1.53846e-03,6.30769e-02,1.53846e-03,1.53846e-03,1.53846e-03,1.53846e-03,2.32308e-01,3.09231e-01,1.53846e-03
2.04082e-03,2.24490e-02,1.44898e-01,2.04082e-03,1.24490e-01,6.32653e-02,2.04082e-03,2.04082e-03,1.44898e-01,2.04082e-03,2.04082e-03,1.44898e-01,2.24490e-02,4.28571e-02,2.04082e-03,2.04082e-03,2.04082e-03,1.44898e-01,8.36735e-02,2.04082e-03,2.04082e-03,2.04082e-03,2.04082e-03,2.24490e-02,2.04082e-03,2.04082e-03,2.04082e-03,2.04082e-03,2.04082e-03,2.04082e-03
2.77778e-03,2.77778e-03,2.77778e-03,2.77778e-03,2.52778e-01,2.77778e-03,3.05556e-02,2.77778e-03,2.77778e-03,2.77778e-03,2.77778e-03,2.77778e-03,2.77778e-03,2.77778e-03,2.77778e-03,3.05556e-02,2.77778e-03,2.77778e-03,2.77778e-03,3.05556e-02,2.77778e-03,2.77778e-03,2.77778e-03,2.77778e-03,2.77778e-03,5.30556e-01,2.77778e-03,5.83333e-02,2.77778e-03,2.77778e-03
3.44828e-03,3.44828e-03,3.44828e-03,3.44828e-03,3.44828e-03,1.41379e-01,3.44828e-03,3.44828e-03,3.44828e-03,3.44828e-03,3.44828e-03,3.44828e-03,3.44828e-03,3.44828e-03,3.44828e-03,3.44828e-03,3.44828e-03,3.79310e-02,7.24138e-02,3.79310e-02,3.44828e-03,3.44828e-03,3.44828e-03,3.44828e-03,3.44828e-03,4.17241e-01,2.10345e-01,3.44828e-03,3.44828e-03,3.44828e-03
2.04082e-03,2.04082e-03,3.08163e-01,2.04082e-03,1.44898e-01,2.04082e-03,2.04082e-03,1.44898e-01,2.04082e-03,2.04082e-03,2.04082e-03,1.24490e-01,2.04082e-03,2.04082e-03,4.28571e-02,2.04082e-03,2.04082e-03,2.04082e-03,4.28571e-02,2.04082e-03,4.28571e-02,2.04082e-03,2.04082e-03,2.04082e-03,2.04082e-03,6.32653e-02,2.24490e-02,2.04082e-03,2.24490e-02,2.04082e-03
2.00000e-03,2.00000e-03,2.00000e-03,2.00000e-03,2.00000e-03,2.22000e-01,6.20000e-02,2.00000e-03,2.00000e-03,2.00000e-03,2.00000e-03,2.00000e-03,1.02000e-01,2.00000e-03,2.00000e-03,2.00000e-03,2.00000e-03,4.20000e-02,2.00000e-03,2.00000e-03,3.82000e-01,2.20000e-02,4.20000e-02,8.20000e-02,2.00000e-03,2.00000e-03,2.00000e-03,2.00000e-03,2.00000e-03,2.00000e-03
3.12500e-03,3.12500e-03,3.12500e-03,3.12500e-03,3.12500e-03,3.15625e-01,3.12500e-03,3.12500e-03,3.12500e-03,3.12500e-03,3.12500e-03,3.12500e-03,6.56250e-02,3.12500e-03,3.12500e-03,3.12500e-03,3.12500e-03,4.40625e-01,3.12500e-03,3.12500e-03,3.12500e-03,3.12500e-03,3.12500e-03,3.12500e-03,3.12500e-03,3.12500e-03,3.12500e-03,9.68750e-02,3.12500e-03,3.12500e-03
2.70270e-03,2.70270e-03,2.70270e-03,5.67568e-02,2.70270e-03,2.70270e-03,2.70270e-03,1.10811e-01,2.70270e-03,2.70270e-03,2.70270e-03,3.27027e-01,2.70270e-03,2.70270e-03,5.67568e-02,2.70270e-03,2.70270e-03,2.70270e-03,8.37838e-02,2.70270e-03,2.70270e-03,3.00000e-01,2.70270e-03,2.70270e-03,2.70270e-03,2.70270e-03,2.70270e-03,2.70270e-03,2.70270e-03,2.70270e-03
3.23529e-02,2.94118e-03,2.94118e-03,2.94118e-03,6.17647e-02,2.94118e-03,2.94118e-03,2.94118e-03,2.94118e-03,2.94118e-03,2.94118e-03,2.94118e-03,2.94118e-03,2.94118e-03,2.94118e-03,2.94118e-03,2.94118e-03,2.94118e-03,9.11765e-02,2.08824e-01,2.97059e-01,2.38235e-01,2.94118e-03,2.94118e-03,2.94118e-03,2.94118e-03,2.94118e-03,2.94118e-03,2.94118e-03,2.94118e-03
1.14943e-03,1.14943e-03,2.19540e-01,2.41379e-02,3.56322e-02,1.14943e-03,1.14943e-03,3.56322e-02,1.26437e-02,1.14943e-03,1.26437e-02,1.14943e-03,1.14943e-03,1.14943e-03,1.14943e-03,1.26437e-02,1.14943e-03,4.71264e-02,1.14943e-03,1.14943e-03,1.14943e-03,1.14943e-03,7.01149e-02,1.14943e-03,1.14943e-03,5.06897e-01,1.14943e-03,1.14943e-03,1.14943e-03,1.14943e-03
2.44444e-02,2.22222e-03,2.22222e-03,2.22222e-03,2.22222e-03,2.22222e-03,2.22222e-03,2.22222e-03,2.22222e-03,9.11111e-02,2.22222e-03,2.22222e-03,2.22222e-03,2.22222e-03,2.22222e-03,1.13333e-01,2.22222e-03,2.46667e-01,2.44444e-02,4.66667e-02,2.22222e-03,9.11111e-02,2.22222e-03,2.22222e-03,2.22222e-03,2.22222e-03,1.57778e-01,2.22222e-03,1.57778e-01,2.22222e-03
2.56410e-03,2.82051e-02,2.56410e-03,1.05128e-01,5.38462e-02,2.56410e-03,2.82051e-02,2.82051e-02,2.56410e-03,2.56410e-03,2.56410e-03,2.56410e-03,2.56410e-03,2.56410e-03,2.56410e-03,2.82051e-02,3.61538e-01,2.56410e-03,2.56410e-03,2.56410e-03,2.56410e-03,2.56410e-03,2.56410e-03,2.56410e-03,2.56410e-03,2.56410e-03,2.56410e-03,5.38462e-02,2.56410e-03,2.58974e-01
3.12500e-03,3.12500e-03,3.12500e-03,3.12500e-03,4.09375e-01,3.43750e-02,3.43750e-02,3.12500e-03,3.12500e-03,3.12500e-03,3.12500e-03,1.59375e-01,3.43750e-02,3.12500e-03,3.12500e-03,3.12500e-03,3.12500e-03,9.68750e-02,3.12500e-03,3.12500e-03,6.56250e-02,3.12500e-03,3.12500e-03,3.43750e-02,3.12500e-03,3.12500e-03,6.56250e-02,3.12500e-03,3.12500e-03,3.12500e-03
2.50000e-03,2.50000e-03,2.50000e-03,1.52500e-01,2.50000e-03,2.50000e-03,2.50000e-03,1.02500e-01,2.50000e-03,1.02500e-01,3.27500e-01,1.27500e-01,2.50000e-03,2.50000e-03,2.50000e-03,2.50000e-03,2.50000e-03,2.50000e-03,5.25000e-02,2.50000e-03,2.50000e-03,2.50000e-03,2.50000e-03,2.50000e-03,2.50000e-03,2.75000e-02,2.50000e-03,5.25000e-02,2.50000e-03,2.50000e-03
5.74074e-02,5.74074e-02,1.85185e-03,1.85185e-03,2.03704e-02,2.03704e-02,3.88889e-02,1.85185e-03,2.03704e-02,1.85185e-03,1.31481e-01,7.59259e-02,1.85185e-03,1.85185e-03,1.85185e-03,1.85185e-03,1.85185e-03,1.85185e-03,1.85185e-03,1.87037e-01,1.85185e-03,1.85185e-03,1.85185e-03,3.35185e-01,1.85185e-03,1.85185e-03,1.85185e-03,1.85185e-03,2.03704e-02,1.85185e-03
4.16667e-03,4.16667e-03,4.16667e-03,4.16667e-03,4.16667e-03,4.16667e-03,8.75000e-02,4.16667e-03,2.95833e-01,4.16667e-03,4.16667e-03,8.75000e-02,1.29167e-01,4.16667e-03,4.16667e-03,4.16667e-03,4.16667e-03,1.29167e-01,4.16667e-03,4.16667e-03,4.16667e-03,4.16667e-03,8.75000e-02,4.16667e-03,4.16667e-03,4.16667e-03,4.16667e-03,8.75000e-02,4.16667e-03,4.16667e-03
2.50000e-03,3.52500e-01,2.50000e-03,2.50000e-03,2.50000e-03,2.50000e-03,7.75000e-02,2.50000e-03,2.50000e-03,2.50000e-03,2.50000e-03,2.50000e-03,2.50000e-03,2.50000e-03,2.50000e-03,2.50000e-03,2.75000e-02,2.50000e-03,2.50000e-03,2.50000e-03,1.27500e-01,2.50000e-03,2.50000e-03,2.50000e-03,2.50000e-03,2.50000e-03,2.50000e-03,2.27500e-01,1.27500e-01,2.50000e-03
4.23077e-02,3.84615e-03,3.84615e-03,4.23077e-02,1.19231e-01,4.26923e-01,3.84615e-03,3.84615e-03,3.84615e-03,3.84615e-03,1.19231e-01,3.84615e-03,3.84615e-03,3.84615e-03,3.84615e-03,3.84615e-03,4.23077e-02,3.84615e-03,3.84615e-03,3.84615e-03,4.23077e-02,3.84615e-03,3.84615e-03,3.84615e-03,8.07692e-02,3.84615e-03,3.84615e-03,3.84615e-03,3.84615e-03,3.84615e-03
2.77778e-03,2.77778e-03,1.97222e-01,2.77778e-03,2.77778e-03,2.77778e-03,2.77778e-03,2.77778e-03,2.77778e-03,2.77778e-03,2.77778e-03,2.77778e-03,2.77778e-03,2.77778e-03,2.77778e-03,5.83333e-02,2.77778e-03,1.69444e-01,2.25000e-01,5.83333e-02,2.77778e-03,2.77778e-03,2.77778e-03,2.77778e-03,3.05556e-02,3.05556e-02,2.77778e-03,8.61111e-02,8.61111e-02,2.77778e-03
2.77778e-03,2.77778e-03,1.13889e-01,1.97222e-01,2.77778e-03,2.77778e-03,2.77778e-03,2.77778e-03,2.77778e-03,1.13889e-01,1.97222e-01,2.77778e-03,2.77778e-03,1.13889e-01,2.77778e-03,2.77778e-03,3.05556e-02,2.77778e-03,2.77778e-03,2.77778e-03,2.77778e-03,1.69444e-01,2.77778e-03,2.77778e-03,2.77778e-03,2.77778e-03,2.77778e-03,2.77778e-03,2.77778e-03,2.77778e-03
2.34043e-02,2.12766e-03,2.12766e-03,1.72340e-01,2.12766e-03,6.59574e-02,4.46809e-02,2.12766e-03,2.12766e-03,8.72340e-02,2.12766e-03,2.12766e-03,2.12766e-03,2.12766e-03,2.12766e-03,2.12766e-03,4.46809e-02,2.12766e-03,2.12766e-03,2.12766e-03,2.12766e-03,2.78723e-01,2.12766e-03,2.12766e-03,2.12766e-03,2.12766e-03,2.12766e-03,2.12766e-03,2.36170e-01,2.12766e-03
2.12766e-03,1.29787e-01,2.12766e-03,2.12766e-03,2.12766e-03,2.12766e-03,6.59574e-02,1.08511e-01,2.12766e-03,6.59574e-02,8.72340e-02,1.29787e-01,1.93617e-01,2.34043e-02,4.46809e-02,2.12766e-03,2.12766e-03,2.12766e-03,2.12766e-03,2.12766e-03,2.12766e-03,2.12766e-03,2.12766e-03,2.12766e-03,2.12766e-03,2.12766e-03,6.59574e-02,4.46809e-02,2.12766e-03,2.12766e-03
2.50000e-03,2.50000e-03,2.75000e-02,2.75000e-02,1.27500e-01,2.50000e-03,2.50000e-03,2.50000e-03,2.50000e-03,4.52500e-01,2.50000e-03,5.25000e-02,5.25000e-02,2.75000e-02,2.50000e-03,7.75000e-02,5.25000e-02,2.50000e-03,2.50000e-03,2.50000e-03,2.50000e-03,2.50000e-03,5.25000e-02,2.50000e-03,2.50000e-03,2.50000e-03,2.50000e-03,2.50000e-03,2.50000e-03,2.50000e-03
2.08333e-03,1.47917e-01,2.08333e-03,2.08333e-03,2.08333e-03,2.08333e-03,2.08333e-03,2.08333e-03,2.08333e-03,2.08333e-03,8.54167e-02,2.08333e-03,2.08333e-03,2.08333e-03,1.47917e-01,2.08333e-03,2.08333e-03,2.08333e-03,2.08333e-03,2.29167e-02,2.08333e-03,2.08333e-03,2.08333e-03,2.08333e-03,2.08333e-03,8.54167e-02,2.08333e-03,2.10417e-01,2.52083e-01,2.08333e-03
1.56250e-03,1.56250e-03,1.56250e-03,1.56250e-03,1.56250e-03,1.56250e-03,1.10937e-01,1.56250e-03,1.56250e-03,1.56250e-03,4.39062e-01,7.96875e-02,1.56250e-03,1.56250e-03,9.53125e-02,1.10937e-01,6.40625e-02,1.56250e-03,1.71875e-02,1.56250e-03,1.56250e-03,1.56250e-03,1.56250e-03,1.56250e-03,1.56250e-03,1.56250e-03,4.84375e-02,1.56250e-03,1.56250e-03,1.56250e-03
9.44444e-02,1.85185e-03,3.72222e-01,5.74074e-02,1.85185e-03,5.74074e-02,1.85185e-03,1.85185e-03,1.85185e-03,1.85185e-03,7.59259e-02,1.85185e-03,1.85185e-03,1.85185e-03,1.85185e-03,1.85185e-03,2.05556e-01,1.85185e-03,1.85185e-03,1.85185e-03,1.85185e-03,2.03704e-02,1.85185e-03,2.03704e-02,1.85185e-03,1.85185e-03,1.85185e-03,2.03704e-02,3.88889e-02,1.85185e-03
4.76190e-03,4.76190e-03,5.23810e-02,4.76190e-03,4.76190e-03,4.76190e-03,4.76190e-03,4.76190e-03,4.76190e-03,4.76190e-03,4.76190e-03,1.95238e-01,2.42857e-01,4.76190e-03,4.76190e-03,5.23810e-02,4.76190e-03,4.76190e-03,4.76190e-03,4.76190e-03,4.76190e-03,4.76190e-03,3.38095e-01,4.76190e-03,4.76190e-03,4.76190e-03,4.76190e-03,4.76190e-03,4.76190e-03,4.76190e-03
2.50000e-03,2.50000e-03,2.50000e-03,2.50000e-03,5.25000e-02,7.75000e-02,2.50000e-03,2.50000e-03,2.50000e-03,2.50000e-03,2.50000e-03,2.50000e-03,2.50000e-03,2.75000e-02,2.75000e-02,2.50000e-03,2.50000e-03,2.50000e-03,2.50000e-03,7.75000e-02,2.50000e-03,2.50000e-03,5.25000e-02,2.50000e-03,2.50000e-03,2.50000e-03,1.52500e-01,2.50000e-03,1.02500e-01,3.77500e-01
4.16667e-03,4.16667e-03,4.16667e-03,4.16667e-03,1.29167e-01,4.16667e-03,4.16667e-03,4.16667e-03,4.16667e-03,4.16667e-03,4.16667e-03,4.62500e-01,4.16667e-03,1.29167e-01,4.16667e-03,4.16667e-03,4.16667e-03,4.16667e-03,4.16667e-03,4.16667e-03,4.16667e-03,1.29167e-01,4.16667e-03,4.16667e-03,4.16667e-03,4.16667e-03,4.16667e-03,4.16667e-03,4.16667e-03,4.58333e-02
2.85714e-03,1.17143e-01,2.85714e-03,2.85714e-03,2.85714e-03,2.85714e-03,2.85714e-03,2.85714e-03,6.00000e-02,2.85714e-03,2.85714e-03,8.85714e-02,2.85714e-03,2.85714e-03,2.85714e-03,2.85714e-03,3.14286e-02,2.02857e-01,2.85714e-03,2.85714e-03,4.31429e-01,2.85714e-03,2.85714e-03,2.85714e-03,2.85714e-03,2.85714e-03,2.85714e-03,2.85714e-03,2.85714e-03,2.85714e-03
3.51163e-01,2.32558e-03,2.32558e-03,2.32558e-03,2.32558e-03,2.32558e-03,2.32558e-03,2.32558e-03,2.32558e-03,2.32558e-03,3.27907e-01,2.55814e-02,2.32558e-03,1.18605e-01,2.32558e-03,2.32558e-03,2.32558e-03,2.32558e-03,7.20930e-02,2.32558e-03,2.32558e-03,2.32558e-03,2.32558e-03,2.32558e-03,2.32558e-03,2.32558e-03,2.32558e-03,4.88372e-02,2.32558e-03,2.32558e-03
3.44828e-03,3.44828e-03,3.44828e-03,3.44828e-03,3.44828e-03,3.44828e-03,3.44828e-03,3.44828e-03,5.55172e-01,3.44828e-03,3.44828e-03,3.44828e-03,3.44828e-03,3.44828e-03,3.79310e-02,1.06897e-01,3.44828e-03,1.75862e-01,3.44828e-03,3.44828e-03,3.44828e-03,3.44828e-03,3.79310e-02,3.44828e-03,3.44828e-03,3.44828e-03,3.44828e-03,3.44828e-03,3.44828e-03,3.44828e-03
3.96429e-01,3.57143e-03,3.57143e-03,3.57143e-03,3.57143e-03,3.92857e-02,3.57143e-03,3.57143e-03,3.57143e-03,3.57143e-03,3.57143e-03,3.57143e-03,7.50000e-02,3.57143e-03,3.92857e-02,3.57143e-03,1.10714e-01,3.57143e-03,3.57143e-03,3.57143e-03,3.57143e-03,3.57143e-03,3.57143e-03,3.57143e-03,3.57143e-03,3.57143e-03,1.46429e-01,3.57143e-03,3.57143e-03,1.10714e-01
4.16667e-03,4.16667e-03,4.16667e-03,4.16667e-03,4.16667e-03,4.16667e-03,2.95833e-01,4.16667e-03,4.16667e-03,4.16667e-03,4.16667e-03,4.16667e-03,8.75000e-02,4.16667e-03,4.16667e-03,3.79167e-01,4.16667e-03,4.16667e-03,4.58333e-02,4.16667e-03,4.16667e-03,4.16667e-03,4.16667e-03,4.16667e-03,4.16667e-03,4.16667e-03,4.16667e-03,8.75000e-02,4.16667e-03,4.16667e-03
2.85714e-03,2.85714e-03,2.85714e-03,2.85714e-03,2.85714e-03,2.85714e-03,3.74286e-01,2.85714e-03,1.17143e-01,2.85714e-03,2.85714e-03,2.85714e-03,1.74286e-01,6.00000e-02,2.85714e-03,2.85714e-03,2.85714e-03,2.85714e-03,2.85714e-03,2.85714e-03,2.85714e-03,2.85714e-03,2.85714e-03,2.85714e-03,2.85714e-03,2.85714e-03,1.74286e-01,2.85714e-03,3.14286e-02,2.85714e-03
1.69492e-03,1.69492e-03,3.55932e-02,1.69492e-03,1.69492e-03,1.86441e-02,5.25424e-02,1.20339e-01,1.69492e-03,1.69492e-03,1.69492e-03,1.86441e-02,1.37288e-01,3.55932e-02,1.69492e-03,4.08475e-01,1.69492e-03,1.69492e-03,1.86441e-02,1.69492e-03,1.69492e-03,1.86441e-02,5.25424e-02,1.69492e-03,1.69492e-03,1.69492e-03,1.69492e-03,5.25424e-02,1.69492e-03,1.69492e-03
3.57143e-03,3.57143e-03,3.57143e-03,2.89286e-01,3.57143e-03,3.57143e-03,3.57143e-03,1.10714e-01,3.57143e-03,3.57143e-03,3.57143e-03,3.57143e-03,3.57143e-03,3.57143e-03,3.57143e-03,7.50000e-02,3.57143e-03,3.57143e-03,1.10714e-01,3.57143e-03,3.57143e-03,3.57143e-03,3.57143e-03,3.57143e-03,1.46429e-01,1.46429e-01,3.92857e-02,3.57143e-03,3.57143e-03,3.57143e-03
7.50000e-02,1.47059e-03,1.47059e-03,1.47059e-03,1.47059e-03,3.69118e-01,1.47059e-03,6.02941e-02,1.19118e-01,1.47059e-03,1.47059e-03,1.47059e-03,1.47059e-03,1.47059e-03,7.50000e-02,7.50000e-02,1.47059e-03,1.47059e-03,1.47059e-03,1.47059e-03,1.47059e-03,1.47059e-03,1.47059e-03,1.47059e-03,1.47059e-03,1.47059e-03,1.47059e-03,1.47059e-03,1.92647e-01,1.47059e-03
3.44828e-03,3.44828e-03,3.44828e-03,3.79310e-02,3.44828e-03,3.44828e-03,3.44828e-03,1.41379e-01,3.44828e-03,3.44828e-03,3.44828e-03,1.41379e-01,1.75862e-01,3.44828e-03,3.44828e-03,3.44828e-03,3.44828e-03,7.24138e-02,3.44828e-03,7.24138e-02,3.44828e-03,3.44828e-03,3.44828e-03,7.24138e-02,3.79310e-02,3.44828e-03,3.44828e-03,1.75862e-01,3.44828e-03,3.44828e-03
4.07407e-02,3.70370e-03,3.70370e-03,1.88889e-01,4.07407e-02,3.70370e-03,3.70370e-03,3.70370e-03,3.70370e-03,3.70370e-03,4.07407e-02,3.70370e-03,1.14815e-01,3.70370e-03,3.70370e-03,3.70370e-03,3.70370e-03,3.70370e-03,3.70370e-03,1.14815e-01,3.70370e-03,3.70370e-03,2.62963e-01,3.70370e-03,3.70370e-03,7.77778e-02,4.07407e-02,3.70370e-03,3.70370e-03,3.70370e-03
2.63158e-03,3.71053e-01,2.89474e-02,1.60526e-01,2.63158e-03,2.63158e-03,2.63158e-03,2.63158e-03,5.52632e-02,2.63158e-03,2.63158e-03,2.89474e-02,2.63158e-03,2.63158e-03,2.63158e-03,2.63158e-03,2.63158e-03,2.63158e-03,1.86842e-01,2.63158e-03,2.63158e-03,8.15789e-02,2.63158e-03,2.63158e-03,2.63158e-03,2.63158e-03,2.63158e-03,2.63158e-03,2.89474e-02,2.63158e-03
3.44828e-03,3.44828e-03,3.44828e-03,3.44828e-03,7.24138e-02,7.24138e-02,3.44828e-03,3.44828e-03,3.44828e-03,3.44828e-03,3.44828e-03,3.79310e-02,3.44828e-03,3.44828e-03,3.44828e-03,3.79310e-02,3.44828e-03,2.79310e-01,1.06897e-01,3.44828e-03,2.10345e-01,3.44828e-03,3.44828e-03,3.44828e-03,3.44828e-03,3.44828e-03,3.44828e-03,3.44828e-03,3.44828e-03,1.06897e-01
3.03030e-03,3.33333e-02,3.03030e-03,3.03030e-03,3.03030e-03,2.15152e-01,3.03030e-03,2.45455e-01,3.03030e-03,3.03030e-03,3.03030e-03,3.03030e-03,6.36364e-02,3.66667e-01,3.03030e-03,3.03030e-03,3.03030e-03,3.03030e-03,3.03030e-03,3.03030e-03,3.03030e-03,3.03030e-03,3.03030e-03,3.03030e-03,3.03030e-03,3.03030e-03,3.03030e-03,3.03030e-03,3.03030e-03,3.03030e-03
4.58333e-02,4.16667e-03,4.16667e-03,4.16667e-03,4.16667e-03,1.70833e-01,4.16667e-03,1.29167e-01,4.16667e-03,4.16667e-03,4.16667e-03,4.16667e-03,4.58333e-02,4.16667e-03,4.16667e-03,4.58333e-02,4.16667e-03,4.16667e-03,4.16667e-03,8.75000e-02,2.54167e-01,4.16667e-03,4.16667e-03,4.16667e-03,4.58333e-02,4.58333e-02,4.16667e-03,4.16667e-03,4.16667e-03,4.58333e-02
3.82759e-01,3.44828e-03,3.44828e-03,3.44828e-03,2.44828e-01,3.44828e-03,3.44828e-03,3.44828e-03,3.44828e-03,3.44828e-03,3.44828e-03,3.44828e-03,7.24138e-02,3.44828e-03,7.24138e-02,3.79310e-02,3.44828e-03,3.44828e-03,3.44828e-03,3.44828e-03,3.79310e-02,3.44828e-03,3.44828e-03,3.44828e-03,3.44828e-03,3.44828e-03,3.44828e-03,3.44828e-03,3.79310e-02,3.79310e-02
3.03030e-03,3.33333e-02,3.03030e-03,3.03030e-03,3.03030e-03,9.39394e-02,3.06061e-01,3.03030e-03,3.03030e-03,3.03030e-03,3.03030e-03,3.03030e-03,9.39394e-02,3.03030e-03,3.03030e-03,3.33333e-02,3.03030e-03,9.39394e-02,3.03030e-03,3.03030e-03,2.15152e-01,3.03030e-03,3.03030e-03,3.03030e-03,3.03030e-03,3.03030e-03,3.03030e-03,3.03030e-03,3.03030e-03,6.36364e-02
1.85185e-03,9.44444e-02,1.85185e-03,1.85185e-03,1.85185e-03,1.85185e-03,1.31481e-01,2.61111e-01,9.44444e-02,1.85185e-03,1.85185e-03,1.85185e-03,2.03704e-02,1.85185e-03,1.85185e-03,1.85185e-03,1.85185e-03,1.85185e-03,1.85185e-03,1.85185e-03,1.85185e-03,3.88889e-02,2.03704e-02,2.79630e-01,1.85185e-03,1.85185e-03,1.85185e-03,2.03704e-02,1.85185e-03,1.85185e-03
2.70270e-03,8.37838e-02,2.70270e-03,6.51351e-01,2.70270e-03,2.70270e-03,2.97297e-02,2.70270e-03,2.70270e-03,2.70270e-03,2.70270e-03,5.67568e-02,2.70270e-03,2.70270e-03,2.70270e-03,2.70270e-03,2.70270e-03,2.70270e-03,2.70270e-03,2.70270e-03,2.97297e-02,2.70270e-03,2.70270e-03,2.70270e-03,2.70270e-03,2.70270e-03,2.70270e-03,2.97297e-02,2.70270e-03,5.67568e-02
2.82051e-02,2.56410e-03,2.56410e-03,2.82051e-02,1.82051e-01,2.56410e-03,2.56410e-03,2.56410e-03,4.89744e-01,2.56410e-03,2.56410e-03,2.56410e-03,2.56410e-03,2.56410e-03,7.94872e-02,5.38462e-02,2.56410e-03,2.56410e-03,2.56410e-03,2.56410e-03,2.56410e-03,2.56410e-03,2.56410e-03,2.56410e-03,2.82051e-02,5.38462e-02,2.56410e-03,2.56410e-03,2.56410e-03,2.56410e-03
1.59420e-02,1.44928e-03,1.44928e-03,5.94203e-02,1.44928e-03,1.44928e-03,3.04348e-02,1.44928e-03,4.65217e-01,1.44928e-03,5.94203e-02,1.44928e-03,1.44928e-03,1.44928e-03,1.44928e-03,1.44928e-03,1.44928e-03,1.89855e-01,1.17391e-01,1.59420e-02,1.44928e-03,1.44928e-03,1.44928e-03,1.44928e-03,1.44928e-03,1.59420e-02,1.44928e-03,1.44928e-03,1.44928e-03,1.44928e-03
3.12500e-03,3.12500e-03,3.12500e-03,7.53125e-01,3.12500e-03,3.12500e-03,3.12500e-03,3.43750e-02,3.12500e-03,3.12500e-03,3.12500e-03,3.12500e-03,3.12500e-03,3.12500e-03,3.12500e-03,3.12500e-03,3.12500e-03,6.56250e-02,3.12500e-03,3.12500e-03,3.12500e-03,3.12500e-03,3.12500e-03,3.12500e-03,3.12500e-03,3.12500e-03,6.56250e-02,3.12500e-03,3.12500e-03,3.12500e-03
2.56410e-03,1.56410e-01,2.56410e-03,2.56410e-03,2.56410e-03,2.56410e-03,5.38462e-02,2.56410e-03,2.56410e-03,2.82051e-02,2.56410e-03,1.30769e-01,2.56410e-03,2.56410e-03,2.56410e-03,2.56410e-03,2.56410e-03,2.56410e-03,5.38462e-02,2.56410e-03,1.30769e-01,2.56410e-03,2.56410e-03,2.56410e-03,2.84615e-01,2.56410e-03,1.05128e-01,2.56410e-03,2.56410e-03,2.56410e-03
2.70270e-03,2.70270e-03,2.45946e-01,2.70270e-03,3.54054e-01,2.70270e-03,2.70270e-03,2.70270e-03,2.70270e-03,2.97297e-02,1.37838e-01,2.70270e-03,2.70270e-03,2.70270e-03,2.70270e-03,2.70270e-03,2.70270e-03,2.70270e-03,2.70270e-03,2.97297e-02,2.70270e-03,2.70270e-03,2.70270e-03,2.70270e-03,2.70270e-03,2.70270e-03,8.37838e-02,2.97297e-02,2.70270e-03,2.97297e-02
2.50000e-02,2.27273e-03,2.27273e-03,2.27273e-03,2.50000e-02,7.04545e-02,2.27273e-03,2.27273e-03,2.27273e-03,4.77273e-02,2.27273e-03,2.27273e-03,2.27273e-03,4.77273e-02,2.27273e-03,5.93182e-01,2.27273e-03,2.27273e-03,2.27273e-03,2.50000e-02,2.27273e-03,2.27273e-03,2.27273e-03,2.50000e-02,2.27273e-03,2.27273e-03,2.27273e-03,2.27273e-03,2.27273e-03,9.31818e-02
1.92308e-03,1.92308e-03,1.92308e-03,1.92308e-03,4.03846e-02,2.11538e-02,9.80769e-02,2.11538e-02,1.92308e-03,1.92308e-03,2.11538e-02,1.92308e-03,1.92308e-03,4.03846e-02,1.92308e-03,1.92308e-03,1.92308e-03,1.92308e-03,2.11538e-02,1.92308e-03,1.92308e-03,5.96154e-02,1.92308e-03,5.01923e-01,1.92308e-03,9.80769e-02,2.11538e-02,1.92308e-03,2.11538e-02,1.92308e-03
1.92308e-03,2.32692e-01,1.92308e-03,1.36538e-01,1.92308e-03,7.88462e-02,7.88462e-02,1.92308e-03,1.92308e-03,1.92308e-03,1.92308e-03,1.92308e-03,1.92308e-03,1.92308e-03,1.92308e-03,1.75000e-01,1.92308e-03,1.92308e-03,1.92308e-03,9.80769e-02,1.92308e-03,1.92308e-03,1.92308e-03,1.92308e-03,2.11538e-02,2.11538e-02,7.88462e-02,1.92308e-03,4.03846e-02,1.92308e-03
1.53846e-03,3.23077e-02,1.53846e-03,1.69231e-02,1.53846e-03,1.53846e-03,1.69231e-02,3.23077e-02,1.53846e-03,3.23077e-02,1.53846e-03,1.53846e-03,1.53846e-03,1.53846e-03,1.53846e-03,2.78462e-01,6.30769e-02,1.53846e-03,7.84615e-02,1.53846e-03,1.53846e-03,4.76923e-02,1.53846e-03,1.53846e-03,1.53846e-03,1.24615e-01,2.47692e-01,1.53846e-03,1.53846e-03,1.53846e-03
4.76190e-03,1.95238e-01,4.76190e-03,4.76190e-03,4.76190e-03,4.76190e-03,4.76190e-03,4.76190e-03,5.23810e-02,4.76190e-03,4.76190e-03,4.33333e-01,4.76190e-03,4.76190e-03,4.76190e-03,4.76190e-03,4.76190e-03,4.76190e-03,4.76190e-03,4.76190e-03,5.23810e-02,1.00000e-01,4.76190e-03,4.76190e-03,5.23810e-02,4.76190e-03,4.76190e-03,4.76190e-03,4.76190e-03,4.76190e-03
2.12766e-03,6.59574e-02,2.12766e-03,1.29787e-01,2.34043e-02,8.72340e-02,2.12766e-03,2.12766e-03,2.12766e-03,2.12766e-03,2.12766e-03,1.51064e-01,2.34043e-02,2.34043e-02,2.12766e-03,1.08511e-01,6.59574e-02,2.12766e-03,2.12766e-03,2.12766e-03,4.46809e-02,6.59574e-02,4.46809e-02,2.12766e-03,2.12766e-03,2.12766e-03,2.12766e-03,2.12766e-03,1.29787e-01,2.12766e-03
1.61290e-03,1.61290e-03,1.61290e-03,1.61290e-03,1.61290e-03,1.61290e-03,1.46774e-01,1.61290e-03,3.72581e-01,1.61290e-03,1.61290e-03,1.61290e-03,1.61290e-03,1.77419e-02,1.77419e-02,1.61290e-03,1.61290e-03,1.61290e-03,1.61290e-03,1.14516e-01,6.61290e-02,1.95161e-01,1.61290e-03,1.61290e-03,1.61290e-03,1.77419e-02,1.77419e-02,1.61290e-03,1.61290e-03,1.61290e-03
2.85714e-03,2.85714e-03,2.85714e-03,5.17143e-01,2.85714e-03,8.85714e-02,2.85714e-03,2.85714e-03,3.14286e-02,2.85714e-03,2.85714e-03,2.85714e-03,2.85714e-03,1.17143e-01,2.85714e-03,2.85714e-03,2.85714e-03,1.74286e-01,2.85714e-03,2.85714e-03,2.85714e-03,2.85714e-03,2.85714e-03,2.85714e-03,2.85714e-03,2.85714e-03,2.85714e-03,2.85714e-03,2.85714e-03,2.85714e-03
2.08333e-03,2.08333e-03,2.08333e-03,2.08333e-03,2.08333e-03,2.08333e-03,2.08333e-03,2.08333e-03,2.08333e-03,1.27083e-01,2.29167e-02,1.06250e-01,2.29167e-02,2.08333e-03,8.54167e-02,2.29167e-02,4.60417e-01,8.54167e-02,2.08333e-03,2.08333e-03,2.08333e-03,2.08333e-03,2.08333e-03,2.08333e-03,2.08333e-03,2.08333e-03,2.29167e-02,2.08333e-03,2.08333e-03,2.08333e-03
1.51852e-01,3.70370e-03,3.70370e-03,3.70370e-03,3.70370e-03,4.07407e-02,3.70370e-03,4.11111e-01,3.70370e-03,3.70370e-03,3.70370e-03,3.70370e-03,3.70370e-03,3.70370e-03,3.70370e-03,4.07407e-02,3.70370e-03,7.77778e-02,4.07407e-02,3.70370e-03,3.70370e-03,3.70370e-03,3.70370e-03,3.70370e-03,4.07407e-02,3.70370e-03,3.70370e-03,1.14815e-01,3.70370e-03,3.70370e-03
1.66667e-02,1.66667e-02,2.59091e-01,9.24242e-02,1.51515e-03,7.72727e-02,1.51515e-03,3.18182e-02,1.51515e-03,1.51515e-03,1.51515e-03,1.83333e-01,1.51515e-03,1.07576e-01,1.51515e-03,4.69697e-02,1.51515e-03,1.51515e-03,1.51515e-03,1.51515e-03,1.51515e-03,6.21212e-02,1.51515e-03,1.51515e-03,1.51515e-03,1.66667e-02,1.66667e-02,1.51515e-03,4.69697e-02,1.51515e-03
1.74286e-01,2.85714e-03,2.85714e-03,2.85714e-03,2.02857e-01,2.85714e-03,2.85714e-03,3.14286e-02,2.85714e-03,2.85714e-03,2.85714e-03,6.00000e-02,2.85714e-03,1.17143e-01,3.14286e-02,2.85714e-03,2.85714e-03,2.85714e-03,2.85714e-03,2.85714e-03,6.00000e-02,3.14286e-02,2.85714e-03,8.85714e-02,2.85714e-03,6.00000e-02,2.85714e-03,6.00000e-02,2.85714e-03,3.14286e-02
1.72414e-03,1.72414e-03,1.74138e-01,1.89655e-02,1.72414e-03,1.72414e-03,1.72414e-03,7.06897e-02,1.72414e-03,1.72414e-03,2.25862e-01,2.25862e-01,3.62069e-02,1.72414e-03,1.72414e-03,1.72414e-03,1.72414e-03,1.72414e-03,1.72414e-03,1.72414e-03,1.72414e-03,3.62069e-02,1.72414e-03,1.72414e-03,1.72414e-03,1.72414e-03,1.72414e-03,1.72414e-03,1.56897e-01,1.89655e-02
1.00000e-01,3.22581e-03,3.22581e-03,1.32258e-01,3.22581e-03,3.22581e-03,3.22581e-03,1.64516e-01,3.22581e-03,3.22581e-03,3.22581e-03,3.22581e-03,3.22581e-03,6.77419e-02,3.22581e-03,3.22581e-03,3.22581e-03,3.22581e-03,3.22581e-03,3.22581e-03,3.22581e-03,3.22581e-03,3.22581e-03,6.77419e-02,3.22581e-03,3.22581e-03,3.22581e-03,3.58065e-01,3.54839e-02,3.22581e-03
2.38235e-01,2.94118e-03,2.94118e-03,1.20588e-01,2.08824e-01,2.94118e-03,2.94118e-03,2.94118e-03,2.94118e-03,2.94118e-03,2.94118e-03,3.23529e-02,2.94118e-03,2.94118e-03,3.23529e-02,2.94118e-03,2.94118e-03,2.94118e-03,2.94118e-03,2.94118e-03,2.94118e-03,2.94118e-03,2.94118e-03,2.94118e-03,2.94118e-03,6.17647e-02,2.38235e-01,2.94118e-03,2.94118e-03,2.94118e-03
3.14286e-02,2.85714e-03,2.85714e-03,2.60000e-01,2.85714e-03,2.85714e-03,2.85714e-03,2.85714e-03,2.85714e-03,2.85714e-03,2.88571e-01,2.85714e-03,2.85714e-03,2.85714e-03,2.85714e-03,2.85714e-03,2.85714e-03,2.85714e-03,2.85714e-03,2.85714e-03,2.85714e-03,2.85714e-03,2.85714e-03,2.85714e-03,3.45714e-01,2.85714e-03,2.85714e-03,2.85714e-03,2.85714e-03,2.85714e-03
1.49254e-03,1.49254e-03,1.49254e-03,1.49254e-03,1.49254e-03,1.49254e-03,6.11940e-02,4.62687e-02,1.49254e-03,1.49254e-03,1.20896e-01,1.49254e-03,1.49254e-03,3.59701e-01,4.62687e-02,1.49254e-03,1.49254e-03,1.49254e-03,1.49254e-03,1.95522e-01,1.49254e-03,1.49254e-03,1.49254e-03,1.49254e-03,1.49254e-03,1.49254e-03,3.13433e-02,1.05970e-01,1.49254e-03,1.49254e-03
3.04348e-02,1.59420e-02,1.44928e-03,8.84058e-02,1.44928e-03,3.04348e-02,1.44928e-03,1.44928e-03,2.04348e-01,3.04348e-02,1.44928e-03,3.04348e-02,1.44928e-03,1.44928e-03,7.39130e-02,8.84058e-02,1.44928e-03,1.59420e-02,7.39130e-02,1.44928e-03,1.44928e-03,1.17391e-01,1.44928e-03,1.44928e-03,1.44928e-03,1.44928e-03,1.44928e-03,1.75362e-01,1.44928e-03,1.44928e-03
2.63158e-03,2.63158e-03,2.63158e-03,2.63158e-03,2.63158e-03,2.63158e-03,5.52632e-02,2.63158e-03,2.63158e-03,2.63158e-03,2.63158e-03,2.63158e-03,3.71053e-01,2.63158e-03,2.63158e-03,2.63158e-03,2.63158e-03,2.63158e-03,2.89474e-02,5.52632e-02,2.63158e-03,2.63158e-03,2.89474e-02,2.63158e-03,2.63158e-03,2.63158e-03,3.44737e-01,5.52632e-02,2.63158e-03,2.63158e-03
2.77778e-03,2.77778e-03,3.05556e-02,1.13889e-01,8.61111e-02,2.77778e-03,2.77778e-03,2.77778e-03,2.77778e-03,3.63889e-01,2.77778e-03,2.77778e-03,2.77778e-03,2.77778e-03,1.41667e-01,8.61111e-02,2.77778e-03,2.77778e-03,2.77778e-03,2.77778e-03,2.77778e-03,8.61111e-02,2.77778e-03,2.77778e-03,2.77778e-03,2.77778e-03,2.77778e-03,2.77778e-03,3.05556e-02,2.77778e-03
2.82051e-02,2.56410e-03,2.56410e-03,7.94872e-02,2.56410e-03,2.56410e-03,2.56410e-03,2.82051e-02,2.56410e-03,2.56410e-03,2.07692e-01,2.56410e-03,2.56410e-03,1.82051e-01,2.56410e-03,2.56410e-03,2.56410e-03,2.56410e-03,2.56410e-03,2.56410e-03,2.56410e-03,5.38462e-02,2.56410e-03,2.82051e-02,2.56410e-03,2.56410e-03,2.56410e-03,3.35897e-01,2.56410e-03,2.56410e-03
4.24658e-02,1.36986e-03,1.36986e-03,1.36986e-03,6.98630e-02,1.36986e-03,1.36986e-03,1.36986e-03,1.36986e-03,1.36986e-03,2.34247e-01,1.36986e-03,1.24658e-01,1.24658e-01,1.36986e-03,1.36986e-03,1.36986e-03,1.36986e-03,1.36986e-03,1.36986e-03,1.36986e-03,5.61644e-02,1.36986e-03,1.36986e-03,1.36986e-03,1.36986e-03,3.16438e-01,1.36986e-03,1.36986e-03,1.36986e-03
1.70000e-01,3.33333e-03,3.66667e-02,1.03333e-01,3.33333e-03,3.33333e-03,3.33333e-03,3.33333e-03,3.33333e-03,3.33333e-03,3.33333e-03,1.36667e-01,3.33333e-03,3.33333e-03,3.33333e-03,3.33333e-03,3.33333e-03,3.33333e-03,3.33333e-03,1.70000e-01,3.33333e-03,1.03333e-01,3.66667e-02,3.33333e-03,3.33333e-03,3.33333e-03,7.00000e-02,1.03333e-01,3.33333e-03,3.33333e-03
1.29870e-03,1.29870e-03,1.29870e-03,1.42857e-02,1.42857e-02,1.29870e-03,1.29870e-03,2.22078e-01,2.72727e-02,4.03896e-01,1.29870e-03,1.44156e-01,1.29870e-03,1.29870e-03,6.62338e-02,1.29870e-03,1.29870e-03,1.29870e-03,1.42857e-02,4.02597e-02,1.29870e-03,1.29870e-03,1.29870e-03,1.29870e-03,1.29870e-03,1.29870e-03,2.72727e-02,1.29870e-03,1.29870e-03,1.29870e-03
2.56410e-03,2.56410e-03,2.56410e-03,2.56410e-03,2.56410e-03,2.82051e-02,2.56410e-03,2.56410e-03,2.56410e-03,2.56410e-03,1.30769e-01,2.82051e-02,3.61538e-01,2.82051e-02,2.56410e-03,2.56410e-03,7.94872e-02,2.56410e-03,2.07692e-01,2.56410e-03,2.56410e-03,2.56410e-03,2.56410e-03,2.56410e-03,2.56410e-03,2.56410e-03,5.38462e-02,2.82051e-02,2.56410e-03,2.56410e-03
1.66667e-03,1.66667e-03,1.66667e-03,1.66667e-03,3.50000e-02,1.66667e-03,6.83333e-02,1.35000e-01,1.66667e-03,1.68333e-01,1.83333e-02,3.50000e-02,1.66667e-03,1.66667e-03,2.51667e-01,1.66667e-03,1.66667e-03,1.66667e-03,1.66667e-03,1.18333e-01,1.66667e-03,1.66667e-03,1.66667e-03,1.66667e-03,1.66667e-03,1.66667e-03,1.83333e-02,1.18333e-01,1.66667e-03,1.66667e-03
2.22222e-03,2.22222e-03,2.91111e-01,2.44444e-02,2.44444e-02,2.22222e-03,2.22222e-03,2.22222e-03,2.22222e-03,1.13333e-01,2.68889e-01,2.22222e-03,2.22222e-03,2.22222e-03,2.22222e-03,2.22222e-03,2.22222e-03,2.22222e-03,2.22222e-03,2.22222e-03,2.22222e-03,6.88889e-02,2.22222e-03,2.22222e-03,2.22222e-03,2.22222e-03,2.22222e-03,2.22222e-03,2.22222e-03,1.57778e-01
1.75439e-03,1.75439e-03,1.75439e-03,1.92982e-02,2.82456e-01,1.75439e-03,3.68421e-02,1.75439e-03,1.75439e-03,1.42105e-01,7.19298e-02,3.68421e-02,5.43860e-02,1.75439e-03,1.75439e-03,1.75439e-03,1.92982e-02,1.75439e-03,1.75439e-03,1.75439e-03,1.75439e-03,1.77193e-01,1.75439e-03,1.75439e-03,1.75439e-03,1.75439e-03,1.75439e-03,1.24561e-01,1.75439e-03,1.75439e-03
2.85714e-03,2.85714e-03,2.85714e-03,2.85714e-03,2.85714e-03,3.14286e-02,2.85714e-03,2.85714e-03,2.85714e-03,2.85714e-03,2.31429e-01,2.85714e-03,2.85714e-03,3.17143e-01,2.85714e-03,3.14286e-02,2.85714e-03,2.85714e-03,2.85714e-03,8.85714e-02,2.85714e-03,2.85714e-03,2.85714e-03,2.85714e-03,2.85714e-03,2.85714e-03,1.17143e-01,1.17143e-01,2.85714e-03,2.85714e-03
1.96429e-02,1.78571e-03,1.78571e-03,1.26786e-01,1.78571e-03,1.96429e-02,1.78571e-03,1.44643e-01,1.78571e-03,1.78571e-03,7.32143e-02,1.44643e-01,1.96429e-02,1.78571e-03,1.78571e-03,1.78571e-03,1.78571e-03,1.78571e-03,1.78571e-03,3.41071e-01,1.78571e-03,1.78571e-03,1.78571e-03,1.78571e-03,1.78571e-03,5.53571e-02,1.96429e-02,1.78571e-03,1.78571e-03,1.78571e-03
2.32558e-03,4.88372e-02,2.32558e-03,7.20930e-02,4.88372e-02,2.32558e-03,2.32558e-03,1.65116e-01,2.32558e-03,1.18605e-01,2.32558e-03,2.32558e-03,2.32558e-03,7.20930e-02,2.32558e-03,2.11628e-01,2.32558e-03,7.20930e-02,1.18605e-01,2.32558e-03,2.32558e-03,2.32558e-03,2.32558e-03,2.32558e-03,2.32558e-03,2.32558e-03,2.32558e-03,2.55814e-02,2.32558e-03,2.32558e-03
1.89655e-02,3.81034e-01,5.34483e-02,1.89655e-02,7.06897e-02,1.72414e-03,1.72414e-03,1.72414e-03,1.72414e-03,5.34483e-02,1.72414e-03,1.72414e-03,1.72414e-03,3.62069e-02,1.72414e-03,1.72414e-03,1.72414e-03,1.72414e-03,1.72414e-03,1.72414e-03,1.39655e-01,1.72414e-03,1.72414e-03,1.72414e-03,1.72414e-03,3.62069e-02,1.56897e-01,1.72414e-03,1.72414e-03,1.72414e-03
2.27273e-03,2.27273e-03,2.27273e-03,4.77273e-02,2.50000e-02,2.27273e-03,2.27273e-03,2.27273e-03,2.27273e-03,2.27273e-03,2.27273e-03,1.38636e-01,2.27273e-03,2.27273e-03,2.27273e-03,1.38636e-01,2.27273e-03,2.27273e-03,2.50000e-02,7.04545e-02,2.27273e-03,2.27273e-03,4.77273e-02,7.04545e-02,2.27273e-03,2.27273e-03,2.97727e-01,9.31818e-02,2.27273e-03,2.27273e-03
